20
20
122.31;142.81 193.45;126.06 174.97;129.28 178.74;124.12 187.87;171.66 132.09;199.05 143.62;180.03 194.96;189.92 147.55;166.33 120.04;186.93 159.12;101.34 143.46;173.35 153.78;100.79 167.28;104.08 129.95;104.55 124.17;155.37 173.87;129.1 100.9;149.01 179.13;130.23 133.75;139.32
184.76;151.58 137.18;124.42 164.88;114.12 185.77;177.81 133.55;191.46 128.05;169.06 142.78;130.45 149.23;110.88 109.24;184.84 174.04;150.67 106.58;141.84 134.31;167.78 131.7;148.79 146.58;145.78 119.88;161.3 118.03;188.56 151.12;162.08 135.75;172.71 184.56;152.13 115.63;183.86
104.87;105.97 138.66;154.44 173.74;166.13 148.82;190.77 104.91;145.24 151.22;196.96 163.24;196.95 132.93;156.96 161.05;134.87 116.35;139.37 138.44;134.52 164.51;156.86 145.63;101.78 127.86;122.11 111.71;112.46 118.97;104.66 146.65;189.19 182.56;117.04 165.29;153.26 126.42;156.13
101.12;184.63 174.62;134.27 184.37;192.88 151.43;131.29 183.8;130.25 183.34;193.55 117.48;162.6 171.36;195.61 171.49;118.23 167.48;163.5 142.62;177.79 154.36;114.7 112.55;105.57 111.26;199.03 160.23;182.91 152.97;111.35 180.8;125.82 173.24;126.63 127.36;199.89 137.29;173.99
118.16;154.03 171.47;190.24 181.74;173.97 198.94;198.75 111.44;170.68 162.8;189.46 186.45;115.1 117.09;184.66 198.82;121.19 111.09;103.99 156.43;133.78 100.16;144.71 188.51;111.64 123.49;165.73 199.29;151.03 147.61;141.83 185.13;138.85 169.86;198.6 119.38;135.63 194.56;157.69
177.13;129.33 118.07;128.84 169.44;100.61 158.51;129.47 187.18;148.97 174.96;192.36 193.09;142.29 162.02;161.83 129.09;178.45 177.5;100.44 137.64;116.8 188.17;118.35 190.32;124.69 149.25;175.03 191.77;153.35 148.93;198.64 138.45;166.57 112.89;136.38 168.97;157.48 190.59;189.34
105.69;100.46 140.98;148.8 172.22;182.07 107.36;110.67 143.43;184.94 157.73;129.06 100.97;132.89 137.49;149.58 112.38;142.64 123.71;175.41 170.98;198.49 159.78;153.09 142.08;136.74 139.28;146.77 100.63;123.05 107.72;145.61 165.21;144.83 117.03;172.74 147.88;135.88 175.61;116.67
159.46;168.02 165.17;156.7 191.68;155.06 116.1;195.89 150.41;116.2 191.34;171.25 196.74;152.2 125.35;145.37 118.9;137.75 111.54;164.57 155.53;130.83 165.19;157.55 112.28;198.49 112.39;119.46 169.99;110.89 116.27;139.32 107.41;133.59 175.33;147.53 182.33;143.91 139.39;175.63
199.06;195.27 142.05;189.5 186.27;165.2 106.23;189.02 118.43;176.63 186.03;171.54 182.59;165.18 105.9;139.26 114.07;120.44 158.02;163.35 104.68;101.7 146.36;124.98 199.6;101.67 112.89;186.57 103.34;173.18 190.06;140.3 110.96;186.03 155.91;188.08 193.33;143.14 157.07;179.94
136.23;169.72 147.24;199.08 153.69;189.6 141.71;128.01 137.09;125.15 106.76;125.16 197.21;147.74 140.31;191.38 167.34;133.74 125.79;165.84 110.71;161.52 117.5;168.53 165.14;145.21 168.48;190.85 194.74;139.34 104.69;110.58 154.99;129.73 106.41;176.72 193.4;190.24 152.9;123.45
151.53;187.03 121.72;176.52 149.84;151.25 170.03;139.57 146.34;191.79 185.19;122.91 198.58;115.55 170.45;115.55 108.43;196.77 193.98;164.46 103.67;190.31 116.56;106.36 172.16;189.57 141.51;140.34 193.04;167.38 179.25;130.8 176.32;156.01 103.72;108.24 125.73;118.08 184.88;178.91
151.52;139.52 185.38;161.5 187.36;120.75 196.07;170.37 166.52;195.63 142.81;147.8 153.92;153.79 158.61;120.97 171.25;136.52 174.0;154.81 184.43;159.97 167.08;110.68 101.42;143.31 152.71;101.92 104.63;159.68 109.91;157.34 107.51;110.37 185.69;119.51 108.38;129.01 181.57;134.62
138.23;161.13 156.72;113.42 115.04;138.63 139.45;111.93 176.15;168.23 169.0;114.15 128.42;112.03 178.91;126.08 162.26;145.61 140.31;159.53 194.32;121.76 100.76;105.15 198.72;127.3 126.07;137.57 145.09;152.71 189.49;134.01 156.51;100.47 156.29;138.25 198.84;192.46 160.5;173.18
173.49;112.71 159.34;190.26 107.09;115.14 140.03;103.24 189.85;117.21 158.95;124.7 174.06;150.36 105.67;155.08 149.34;186.05 181.39;198.76 148.32;132.06 112.7;184.42 120.32;186.63 120.94;160.11 169.98;100.09 134.23;163.71 185.81;191.49 144.56;132.51 153.08;156.35 152.05;127.55
184.8;195.3 137.43;188.01 115.99;153.0 100.46;150.18 158.11;120.94 123.89;142.04 134.27;170.47 134.91;188.67 163.09;139.65 141.34;122.37 151.55;101.93 167.54;199.27 154.35;126.64 148.15;156.92 171.58;106.3 180.63;144.94 150.83;160.83 104.76;129.91 173.71;129.94 134.4;119.02
191.96;124.58 198.82;159.91 150.52;101.1 158.57;132.07 136.64;105.21 139.2;139.52 185.05;198.56 135.08;111.09 112.9;171.13 197.71;150.25 118.36;172.23 172.79;153.79 137.82;140.45 181.59;103.66 170.98;193.68 164.48;138.66 123.63;145.93 166.21;154.58 120.8;105.55 124.09;130.52
103.51;187.9 119.76;166.09 190.77;100.01 122.64;196.39 142.16;144.72 113.02;173.99 165.18;134.83 103.82;140.18 116.23;108.01 119.86;124.93 112.72;120.88 129.22;168.7 156.0;178.09 105.45;197.55 159.52;142.91 161.35;135.03 132.08;160.24 183.96;156.12 188.32;190.28 122.88;158.14
104.92;125.87 166.03;181.58 179.67;181.23 116.22;149.13 150.16;129.88 140.77;163.64 113.75;197.74 139.69;173.13 135.12;122.9 191.75;168.54 142.54;157.98 106.74;130.26 164.11;175.57 118.42;162.64 134.18;167.72 167.11;135.58 184.64;165.93 156.4;116.26 120.78;135.67 162.96;156.18
192.96;184.26 198.75;159.94 110.13;175.28 133.74;153.05 179.73;159.26 160.59;120.93 146.36;106.67 167.56;108.58 120.44;156.09 109.56;164.47 172.09;106.3 185.49;184.42 197.66;195.53 116.53;198.33 164.42;180.1 190.25;170.65 136.03;161.46 180.93;180.25 137.53;151.73 141.43;187.4
166.4;110.78 141.93;101.18 105.16;144.47 169.58;166.6 149.27;171.24 111.9;141.75 196.79;152.49 171.54;155.03 110.58;192.71 180.8;119.71 178.8;127.7 142.3;103.68 179.84;172.61 114.76;189.04 194.32;189.87 168.32;178.96 128.24;104.58 123.95;118.15 177.79;164.8 119.21;144.56
