20
20
136.12;143.47 143.27;190.23 114.35;166.01 180.89;180.1 143.44;163.89 132.29;137.18 115.69;146.79 112.04;110.21 192.04;191.28 148.6;152.58 171.85;102.68 106.63;142.41 141.89;108.36 116.53;147.86 146.7;165.8 194.72;156.94 176.14;188.37 199.73;169.61 156.5;183.76 180.73;181.91
173.86;198.45 175.6;145.47 119.93;112.67 111.91;108.59 141.41;147.71 189.76;184.29 163.05;184.22 154.67;109.17 131.96;150.71 110.83;136.6 197.47;143.91 162.22;152.75 162.27;147.5 137.51;104.73 193.74;160.23 162.47;130.1 158.49;125.5 157.16;153.07 122.74;130.79 195.33;141.19
139.87;108.22 176.81;168.13 196.99;176.82 101.4;187.97 129.18;171.83 105.23;107.36 133.3;114.71 114.21;152.01 145.78;136.74 165.84;186.52 174.34;190.33 135.29;196.24 172.31;158.91 187.37;145.52 114.6;195.87 187.89;170.6 144.03;153.71 133.76;130.65 166.33;114.76 175.46;108.42
179.92;100.96 179.38;190.7 166.63;165.17 182.39;176.34 196.88;117.63 113.17;141.0 100.41;163.84 148.7;134.19 152.6;166.27 146.04;168.2 117.94;139.36 129.31;159.32 126.86;113.4 103.11;147.52 108.74;175.72 135.96;136.14 181.37;177.92 136.6;147.22 148.39;120.58 186.88;105.02
105.31;198.58 117.92;102.08 177.09;129.0 170.56;184.96 177.58;181.42 120.46;186.81 136.5;159.24 106.11;146.05 164.12;162.36 114.68;174.78 146.55;191.59 133.7;192.85 133.42;103.11 105.72;128.21 152.26;154.37 145.06;133.06 124.06;113.13 163.34;192.06 147.59;187.37 191.51;167.29
106.8;131.03 197.28;154.26 126.16;129.64 175.27;122.84 138.08;127.65 164.22;189.98 174.16;139.03 163.44;111.45 158.95;123.54 105.82;153.69 157.72;140.56 105.85;166.71 171.4;133.68 119.16;195.27 111.7;129.99 108.68;144.41 152.29;161.0 128.13;155.69 100.0;164.81 104.09;198.8
123.84;194.49 151.64;172.23 184.68;163.01 122.63;156.47 139.92;179.47 182.76;138.44 144.29;194.54 127.51;139.51 152.86;130.77 121.07;141.72 158.89;179.18 139.41;150.6 113.44;180.25 116.87;180.08 119.34;177.63 139.66;183.35 165.26;142.44 147.72;137.01 102.04;185.01 139.12;126.64
145.87;169.78 194.28;141.61 175.44;143.41 181.32;187.47 199.23;144.78 136.06;157.43 155.95;187.81 178.11;108.05 196.71;170.47 177.6;143.03 131.76;177.14 149.27;121.41 143.13;104.12 158.72;187.48 197.05;166.24 181.79;105.08 161.23;135.29 166.01;102.4 199.16;181.4 199.87;100.05
140.46;147.68 198.3;121.9 178.88;168.95 169.07;125.34 112.05;182.66 163.82;190.64 157.91;129.3 165.96;133.22 103.55;132.41 147.67;140.18 129.58;157.62 106.08;145.43 134.58;199.9 142.79;122.04 137.3;185.53 118.16;188.94 177.88;180.61 142.53;117.91 159.44;178.38 112.67;132.01
150.48;198.4 145.08;125.51 148.55;155.55 147.8;193.02 198.88;185.33 177.5;130.21 135.11;110.09 106.58;149.73 171.33;138.51 172.36;132.73 167.93;163.66 188.87;199.02 120.96;189.37 159.66;120.04 151.11;149.09 168.0;118.13 109.11;146.97 148.22;125.16 115.62;168.53 124.82;176.93
148.51;199.16 193.08;186.58 154.25;146.99 142.69;137.03 167.16;179.91 195.91;153.39 157.0;124.82 195.93;105.91 101.24;142.09 122.25;166.81 150.66;185.04 115.83;150.17 108.49;163.8 102.97;138.28 149.39;172.14 149.27;114.9 138.06;161.21 106.62;114.39 146.91;180.34 189.36;147.89
114.36;194.85 192.98;135.64 126.45;134.35 138.91;121.74 133.97;135.81 186.62;155.92 112.12;176.39 166.46;104.01 183.08;140.05 144.23;153.72 159.55;171.21 101.24;152.18 138.45;129.42 161.14;129.42 157.41;161.86 110.34;186.19 126.64;172.21 136.66;104.66 136.76;100.16 181.86;151.07
113.55;142.29 151.23;155.45 148.67;101.2 167.13;196.41 101.3;144.97 101.49;146.2 119.67;174.35 156.51;194.98 159.58;122.3 106.52;143.85 152.8;197.14 160.28;162.23 154.29;119.63 177.42;101.81 148.21;193.12 101.22;139.67 118.09;156.16 132.02;125.37 105.35;140.38 102.3;129.49
126.0;179.23 141.52;125.03 198.18;133.31 116.81;161.42 100.72;121.62 187.65;129.49 139.26;180.41 158.02;194.11 192.8;146.27 121.55;128.21 144.93;129.98 172.72;148.63 135.21;121.54 159.21;187.44 140.59;107.12 159.14;121.82 165.3;198.59 102.92;153.75 104.12;128.69 105.46;158.71
102.47;146.18 107.78;102.35 152.35;157.91 123.34;183.26 120.47;153.26 167.65;187.47 141.13;166.73 129.36;136.35 133.11;188.99 127.0;185.42 159.14;124.06 139.49;162.93 112.65;109.58 100.87;127.77 121.53;178.18 154.89;168.01 125.6;139.96 169.58;157.16 131.16;180.15 138.7;141.1
125.41;141.59 116.18;118.14 156.21;107.88 178.86;163.37 175.21;160.87 146.37;134.5 182.29;182.25 115.4;127.98 165.94;186.65 178.35;144.77 131.45;104.37 165.19;156.59 174.34;181.17 175.42;166.48 184.53;111.97 108.11;196.12 190.98;154.91 104.66;108.73 182.46;114.96 116.39;114.51
126.18;175.34 125.72;135.73 163.13;150.58 101.16;177.3 142.12;110.65 131.89;181.62 104.83;197.11 183.45;146.78 155.78;107.63 192.94;198.51 168.79;194.2 180.12;102.89 178.48;184.02 160.0;130.98 172.61;121.76 141.37;125.58 197.09;109.76 144.55;164.92 166.13;196.4 171.71;173.19
165.55;173.51 113.56;158.46 170.89;130.76 174.64;139.56 147.47;157.39 196.38;160.67 177.93;198.27 155.72;115.18 110.39;157.98 179.86;166.3 157.34;168.22 114.06;195.84 128.85;149.52 188.15;167.1 199.05;100.59 169.38;119.89 160.48;161.54 130.09;164.4 199.92;149.14 142.96;179.4
138.52;133.54 159.8;150.52 123.73;130.02 132.35;122.21 127.31;111.8 180.96;109.89 169.52;193.97 146.62;110.52 152.19;168.83 110.23;195.77 170.61;195.13 151.63;138.06 169.98;148.41 158.06;162.96 132.51;144.59 154.24;188.96 146.88;196.35 134.7;150.63 175.58;162.04 194.16;171.18
148.64;190.12 113.82;182.63 125.22;126.29 143.01;107.63 185.14;132.38 152.55;137.97 108.36;163.93 114.05;180.18 120.16;124.48 148.64;106.29 125.3;132.1 107.15;168.22 134.81;190.28 158.57;125.96 171.06;121.85 147.93;198.01 119.03;156.54 184.33;103.67 149.08;119.05 106.44;167.75
