12
12
1709 1142 1756 1790 1657 1063 1837 621 1500 180 1105 1298
493 267 1003 1024 437 395 772 279 1694 1894 457 1374
677 1998 867 365 1794 685 754 936 672 1617 730 725
890 1409 1586 995 1409 1021 1956 991 83 848 426 1668
1268 1958 1612 1421 1857 784 1082 132 314 1178 1905 200
41 245 269 8 63 1351 233 492 871 551 306 1819
1572 1431 1841 85 768 471 1458 1792 113 926 735 962
1768 1212 1508 800 455 1331 1002 1693 97 1938 1449 1594
286 220 1796 307 1660 1589 192 350 1484 131 1364 220
280 1631 1536 886 42 594 785 1642 1746 1921 1059 15
261 130 1879 60 261 666 564 1975 989 1298 512 1255
1582 748 446 1823 946 232 1075 1574 1285 292 631 1962