12
12
1623 1534 1849 283 1818 1690 35 1167 692 349 1175 1344
1077 1243 487 1540 21 1830 1493 727 1435 1050 380 115
1399 1467 1055 470 1005 1617 1075 1917 1655 162 630 1936
1412 4 226 1999 1174 416 734 125 60 267 999 261
1237 167 1885 589 535 683 955 54 1365 1223 1251 166
1462 1884 517 1031 348 738 916 810 515 397 805 1861
651 156 1146 1303 1989 963 1037 1584 1954 1064 317 435
415 1543 171 342 509 787 758 1276 1635 1973 1134 637
62 526 406 1089 1903 1431 42 952 573 1615 353 273
408 1285 1929 1748 1329 1257 1295 294 992 157 852 1140
797 1799 483 1285 1191 1982 587 1083 234 544 1717 1002
679 192 146 1924 1100 1402 1463 815 1266 89 395 1851