100
100
1181 1362 1636 323 1447 794 1773 1159 1355 1947 1842 1369 1158 631 1187 67 86 1991 736 1505 1031 1037 11 913 515 672 1513 823 1547 603 912 1384 169 904 1453 1162 1621 1965 1360 1418 1181 1248 66 1566 601 621 966 1013 154 1867 835 741 1609 1994 587 1666 459 1070 608 1987 470 289 1859 1549 1001 913 361 1672 819 1574 1058 444 1576 1150 1765 773 896 235 309 993 1183 921 62 760 1579 280 3 147 1634 1170 57 874 1717 1080 1750 1702 1813 1007 466 741
718 1751 1130 1704 671 1085 177 211 950 819 1070 1485 992 833 925 226 512 613 1277 1166 1597 840 1005 160 1863 29 776 54 619 1468 1854 186 532 530 921 929 1557 823 185 1158 666 822 1448 1520 1866 687 1887 1489 1942 311 1245 344 1643 822 667 1155 1077 692 103 1797 1618 1303 1072 1629 1323 1197 987 442 1500 1637 1481 1220 1321 1578 1641 412 1035 1522 709 1898 1126 1619 327 744 79 1324 900 1279 903 375 544 396 177 1851 1092 1199 730 823 853 648
550 345 1902 1811 572 1464 1782 1444 416 559 747 1276 1681 1702 1928 551 1465 933 247 632 1887 417 757 924 947 1614 280 811 476 143 65 685 285 1587 1934 219 963 1571 1756 1036 973 851 527 1375 285 254 520 124 1788 570 1507 279 1773 482 502 145 1030 334 710 1798 1164 1267 1018 659 140 406 1087 553 1517 1812 433 407 89 254 1541 1850 1031 631 350 493 1066 734 1098 941 1307 1150 747 674 1316 535 430 102 75 61 948 183 1264 1582 1215 1956
908 1856 954 794 361 129 240 1328 1086 1984 1080 318 653 107 685 681 313 1100 607 1139 1583 821 703 990 261 1041 736 882 388 1981 820 1895 746 1607 367 263 904 208 1551 152 941 758 1059 397 1027 1098 640 1254 1551 813 839 1033 857 478 1018 684 855 517 1662 1771 248 1275 100 1349 752 733 1400 989 202 1880 1657 1053 712 991 309 1735 803 1415 297 1377 306 841 1481 879 1289 1976 1313 145 1412 1262 163 819 15 942 1650 1452 937 270 545 1
347 752 307 672 571 949 871 99 1499 1744 1979 1482 1640 739 1999 1336 364 742 266 1453 927 307 645 684 115 1200 610 1305 1770 937 1661 1937 1679 437 1332 1215 554 1335 1298 1499 674 1598 227 1869 332 1091 808 1016 615 1950 1622 769 1418 635 105 1575 1676 1708 591 1987 657 787 613 1159 1026 862 245 1120 521 156 454 1045 822 499 656 170 980 314 1340 1486 714 1201 858 882 1037 272 423 449 810 1838 1017 1587 1310 1573 391 1689 1939 396 164 57
1002 865 1484 391 1752 1639 1466 473 1015 1538 1354 784 199 168 1309 1300 318 505 1226 910 1446 63 1216 1241 581 1784 1089 1925 1141 622 1489 1277 1805 1082 1603 548 1188 1626 1184 788 1129 209 1790 1642 1753 1439 942 247 187 1004 1095 1350 443 593 795 1202 1728 1034 1198 98 1789 1858 1484 1920 729 225 990 773 1859 888 1919 21 1317 424 1177 1653 628 1224 854 1048 1914 217 728 1524 102 1457 596 1365 1228 133 493 1442 580 1406 637 883 392 673 797 952
730 588 1609 894 1791 995 52 613 1463 104 1948 1729 794 994 1461 511 1968 773 1020 1782 489 1674 78 1029 1669 320 1548 1890 1337 1511 1153 1333 1891 475 1115 1190 273 1739 795 1616 599 537 1726 175 604 232 1619 1166 720 572 1836 1808 1323 267 1911 1693 547 1090 642 1647 1894 982 1312 1105 566 1406 746 281 900 159 1604 239 1656 972 1902 877 1710 1147 1270 1275 659 156 966 1510 1235 1915 699 140 412 608 1441 1427 1610 1813 309 1335 1664 829 434 1588
1839 1631 1250 1548 311 209 1959 303 1227 1837 1219 1918 164 85 1705 956 1246 335 359 1392 1809 1778 1844 87 592 400 121 492 955 1655 1712 1054 1048 1412 1905 723 231 1012 1755 489 314 1391 244 81 231 42 1118 1824 1813 1885 1567 771 1710 707 1181 175 37 718 1516 1165 1031 782 151 1695 634 33 1505 554 604 515 194 898 1923 973 1730 659 631 1446 415 295 1991 871 1618 1723 1399 1609 755 597 974 63 879 18 1908 1088 70 1026 1022 400 1739 497
1843 1216 213 670 403 661 330 1064 1510 1240 119 1628 1959 1081 1733 843 767 940 1354 1329 1031 697 1620 1977 1531 1223 209 238 540 1875 499 1089 551 890 1172 1434 979 270 1942 1921 1688 904 752 1834 137 798 901 1331 785 1609 1130 1529 888 1525 1034 84 543 1285 515 1329 1036 1245 1272 553 1926 1043 376 1042 54 1874 372 542 1031 1192 188 1512 1437 1304 899 374 1992 360 740 503 570 303 1101 1117 198 1339 696 1628 1353 1953 451 1164 140 552 1197 991
26 1450 1999 347 27 334 782 230 1716 567 722 833 703 1280 1496 1113 1847 912 174 329 957 151 960 697 1425 261 1385 1450 245 1849 217 68 268 437 1673 195 1420 265 1502 286 498 49 1275 908 1207 1695 894 1038 723 51 533 1625 93 1616 1680 1937 172 1856 1279 7 638 478 1602 1409 768 1591 1018 856 1723 1308 575 1501 96 503 1325 77 1781 106 788 1361 1539 1601 400 1457 464 169 1713 440 689 696 1428 864 1157 1030 686 1627 1102 1498 1584 1508
1530 1348 968 1120 1933 1771 235 468 1266 290 447 1213 545 1861 1244 979 1394 1896 820 204 1395 1700 1907 1467 771 452 144 1926 828 79 1928 1075 474 1141 1863 1863 1270 723 717 146 1340 1172 1688 1866 1728 1316 512 390 1635 374 1558 16 1782 97 406 1586 43 615 424 1187 530 253 70 1734 182 1843 1885 705 195 45 1023 448 1829 675 1362 1055 1813 943 1052 428 1816 405 346 1776 177 1201 600 51 742 393 768 943 735 1181 308 1582 1526 60 1683 1386
1333 882 1279 1430 911 737 1090 1034 1733 1353 1080 56 1564 1986 1309 77 1425 163 341 74 1196 36 381 1003 1972 420 1566 1258 1766 665 304 1052 509 1439 1863 1690 135 1172 1406 905 4 1641 820 1661 682 708 1985 232 808 1815 1072 421 1931 1997 1843 779 388 1514 18 1993 638 331 322 526 191 1509 1610 1359 563 1571 1303 903 1724 350 765 416 1496 79 1725 176 1795 1650 810 1422 351 447 1933 1813 278 175 202 399 130 1450 1328 1526 1289 124 1355 1101
1131 486 1571 1266 1270 497 976 1459 173 1260 678 1425 135 1434 467 1408 1563 469 150 586 1183 48 820 688 1260 442 629 1164 1495 1128 270 930 335 1734 1141 1605 1217 671 1711 1536 788 1844 468 1544 758 260 1849 406 606 170 822 832 1110 421 1415 850 1501 436 1757 1158 397 1403 1400 331 1048 140 1842 50 1372 1690 1610 739 448 1858 554 1460 1929 1485 661 1820 104 393 1368 755 47 1825 242 1271 1307 778 742 1982 1173 1935 1592 588 1490 1573 1901 437
1664 1921 1011 353 64 1065 714 1815 1266 1620 1895 677 1799 195 1523 893 1467 630 442 692 869 294 756 1581 1722 473 1395 250 583 967 263 116 1392 152 478 1168 1809 1591 1436 1725 1665 1357 605 76 1661 1406 500 74 995 936 1198 436 1090 521 969 1854 1561 1152 1695 919 307 434 775 1567 383 1499 1635 303 1171 874 1344 1681 1999 1503 1949 865 1790 1460 1061 1069 1318 1174 1647 1974 966 988 578 115 419 798 1764 317 1054 615 1916 1268 292 770 136 1476
490 1774 1122 350 338 119 954 1251 779 21 1629 1713 695 1873 108 1466 546 730 1007 1031 317 1612 694 1340 319 1771 556 1651 80 259 600 1156 1947 641 4 335 1975 1252 1617 1422 1742 1019 116 526 1553 444 1850 686 276 70 1295 1078 1708 852 1572 1895 780 1807 657 1452 12 857 477 1793 1027 857 1294 1705 864 1090 1166 411 1058 893 583 885 48 826 1987 105 493 112 942 273 212 419 618 1725 1320 1801 314 1235 254 296 25 1637 1050 1686 1074 1100
457 1672 871 1504 1727 402 537 1768 1364 202 1300 1619 1341 280 1233 738 278 447 1327 650 1638 1568 1466 537 1189 1556 610 1980 1295 1295 1906 257 840 1502 221 1039 1574 1824 677 1896 847 1390 1964 1889 1941 1358 310 1310 1107 513 382 1687 680 1200 239 1768 333 352 493 509 353 588 280 1369 221 572 1926 1192 303 504 1099 1147 1941 1988 136 606 1559 958 1893 775 1248 1802 1369 196 656 95 1764 1810 203 1878 928 1851 507 414 1902 1785 345 1540 583 1048
1721 1365 1958 1112 1074 962 1716 1130 1407 58 782 1562 346 59 650 373 1551 1443 597 1892 1862 389 172 820 1643 877 563 1911 1982 1588 1511 1534 240 82 1193 841 1926 1 1126 452 1241 1322 1837 716 771 135 1177 1252 930 1695 695 464 973 938 1647 1751 1484 504 1386 925 787 63 1821 1642 1288 1215 518 805 1598 1699 1085 1154 581 889 77 1715 1953 1864 1536 1872 605 537 1428 7 1541 725 667 1618 653 333 1287 1328 1496 1780 1868 293 450 603 1606 869
802 1193 548 1490 707 1660 1155 805 1584 1285 1728 722 361 917 669 504 193 90 977 120 112 1952 1231 1557 842 736 178 1128 1671 1680 787 907 1842 1030 939 667 320 665 716 445 315 620 428 91 1554 1180 1698 974 1939 1718 986 1243 706 136 1826 1945 1297 1780 1167 12 85 1715 1585 192 424 342 210 270 1556 1508 524 1679 1896 1866 1447 421 627 1653 190 1911 155 1386 80 862 444 1882 804 1025 784 447 906 1161 36 1277 1184 1189 323 1104 761 1279
1900 1739 627 503 1401 276 477 251 1835 1082 73 354 279 129 1371 278 1712 1800 1910 1030 194 1378 598 564 229 289 1623 703 1835 669 1877 1510 592 598 711 1098 734 368 668 1101 1167 1237 394 273 1927 250 1874 1781 1123 1438 471 863 346 79 1242 1826 497 517 415 807 423 1946 870 1665 385 1515 1092 210 1881 1101 1224 1417 1843 196 180 510 1389 605 526 119 1071 93 799 610 1600 358 541 1349 134 1664 504 230 1060 672 986 1171 12 1929 297 1236
784 1081 27 1628 1068 360 1785 1882 11 490 70 1191 1671 856 1007 1285 186 1970 604 1660 1892 709 646 1836 197 461 439 1392 1495 1955 1442 1918 994 213 1367 1504 792 1747 1657 1230 1733 137 230 1796 1861 1303 1505 1852 460 347 646 485 1812 1961 477 558 170 464 487 168 756 1131 1398 1654 1872 1245 907 1550 290 1306 1385 239 1788 1990 499 1427 1617 819 114 1353 517 1012 1940 1695 12 483 530 1277 1330 855 374 964 457 304 1326 673 1768 1313 1831 711
1351 136 1001 588 933 1102 1989 1261 1715 257 640 1713 486 1579 543 240 1264 1851 1323 448 1603 128 1722 1549 1613 594 386 648 1328 1933 585 1014 318 1586 748 818 755 681 1518 1814 1989 807 202 756 916 112 1588 1121 1139 145 82 111 1256 1962 295 75 740 1790 1342 391 86 476 1433 1528 1527 228 1628 708 1544 428 1594 1610 211 1952 464 295 223 273 1588 968 1838 1798 250 510 86 85 1061 1845 1700 195 994 8 705 973 285 1289 55 337 1893 1109
549 207 1165 1177 840 1062 856 693 301 1225 1025 791 392 1606 870 472 951 495 1048 579 1965 244 1290 1330 639 978 1949 88 538 463 512 124 1803 1233 1569 1682 1347 610 555 793 406 1385 829 712 1675 239 1729 748 1311 404 1851 532 570 1881 1128 573 1426 1193 1338 694 1815 43 818 641 1200 320 1239 1490 84 864 1891 46 1645 333 1833 1944 32 1264 1162 1626 427 1674 1972 1573 296 886 476 797 1114 1639 1122 790 1358 214 1822 95 1778 1504 1536 10
39 1198 1875 1027 584 1072 505 971 689 312 1135 994 355 1808 436 1778 1943 1133 49 1103 636 366 1168 358 663 1685 1095 1094 1471 478 1664 416 1328 542 165 1885 1748 130 936 337 1257 1439 1829 1941 775 1273 1955 762 613 1549 1801 716 374 1007 97 79 877 1305 191 794 722 123 753 1634 1495 1166 607 1239 1382 145 834 23 1321 1300 538 1920 1546 1298 201 195 241 363 1768 1825 384 743 289 811 1631 1185 275 1642 1588 1491 1968 1065 1219 581 502 985
514 1574 1265 590 68 434 1298 894 1642 717 84 153 1920 80 887 483 1481 1727 538 379 1968 1794 970 994 1327 999 842 1432 193 333 28 1886 1338 1677 9 1848 395 1315 15 286 1501 987 1932 983 1778 1035 288 535 1600 944 1262 147 613 428 1034 491 1223 1653 1239 1623 418 937 1005 1960 1479 408 1810 19 1191 1016 637 116 1292 198 1957 59 528 1606 424 888 881 524 1771 658 317 31 1448 91 46 793 635 1051 739 1807 361 1679 1664 1678 1369 482
597 857 142 1254 1279 1595 427 1629 561 616 79 1604 1057 1287 1472 1847 1474 128 423 1422 1424 387 909 527 1960 904 1899 625 1083 1479 1474 1240 486 1601 604 925 42 50 785 51 107 1118 502 1151 1143 164 1168 892 189 1052 117 34 1720 1773 806 1644 1716 1106 1716 1553 99 1311 1900 1063 176 140 1361 368 1483 740 1702 1287 1594 1573 1823 1984 779 582 1660 1276 877 824 736 1921 1822 437 1195 709 343 619 260 1601 521 550 389 670 58 1159 1111 1114
1548 508 1641 1976 189 1243 1258 1476 785 240 1397 1801 198 827 56 678 1925 510 243 59 773 137 227 1861 974 738 316 1630 396 802 1179 1579 1501 1692 1575 1384 370 514 1934 1861 1818 1533 1613 1422 1848 1900 811 1621 1577 1673 312 1488 834 157 1021 1349 461 1004 55 460 1226 1433 563 1060 902 718 1562 1329 1328 369 1375 981 673 1441 1954 972 1653 1231 1352 1132 1015 918 470 261 1826 695 1477 28 1435 1476 753 945 53 284 193 1276 1206 464 627 196
686 495 1694 1022 1993 2 102 1730 1563 1239 617 1848 1972 296 1199 1792 1115 1661 268 724 676 906 997 487 1194 292 502 168 163 809 1584 56 1388 1288 8 549 242 1062 1390 1724 1898 352 429 1015 559 1584 993 507 868 828 1237 1793 916 1771 548 656 1059 1394 468 1917 384 830 844 118 350 1707 1777 1436 1133 546 426 685 1954 1059 692 1297 123 1694 614 189 1053 391 1021 1889 602 557 1016 316 1168 799 125 1343 11 446 1544 1706 1712 584 422 1701
1433 529 1340 413 824 1796 1545 1617 1004 82 1963 1500 802 100 176 750 1359 214 1434 1881 223 333 678 1191 493 1079 1657 459 1866 442 1794 74 1985 15 569 931 1837 1063 1884 445 26 830 997 133 30 1697 1920 309 1015 396 291 1541 1623 28 1669 155 150 797 1980 913 1770 63 495 1160 1325 1321 542 1955 1637 1766 3 1124 934 269 1389 1164 1840 15 427 1658 80 19 140 1327 1926 1013 1315 1232 1789 1533 538 969 944 1126 485 1938 1159 1192 823 153
1553 60 1027 1060 1587 1747 1624 1896 1450 1894 139 1655 830 1564 358 838 1435 675 1074 818 821 840 1346 466 1224 1441 1983 607 991 121 425 1382 308 962 735 670 1311 645 1888 727 230 1255 368 65 1496 621 105 1714 517 1595 630 1557 527 1323 983 1950 179 689 1317 256 345 495 1965 283 224 9 1379 67 892 65 1329 1038 332 1377 3 543 552 1072 1729 1948 1667 618 1417 194 397 1592 811 905 1168 1642 1672 1788 337 631 615 1392 1940 1876 843 288
1529 1720 318 1301 600 1476 1143 698 1905 1386 1937 897 1837 1607 322 1299 303 765 861 1791 1108 1133 666 1480 1718 1438 635 1719 128 714 1900 853 1545 197 1724 251 883 176 60 101 814 1371 661 1638 273 1331 770 1255 1113 574 1029 1612 808 1153 1601 153 932 1601 1570 1396 1938 1496 925 1475 319 116 1310 1777 90 832 718 1644 1284 337 1600 1723 1069 81 258 137 1375 1693 167 1842 118 1897 420 1591 1778 1173 1867 1640 64 1242 1697 1258 1052 1977 914 1637
839 1778 572 689 1270 627 78 468 1946 540 1417 84 944 584 1805 212 21 153 1258 1062 961 190 1581 1154 58 1845 405 1045 1605 604 1945 116 1856 544 1506 1004 1925 220 249 1460 1090 1087 340 1697 1070 1211 960 537 532 1437 1665 787 1977 1498 1517 1188 36 1041 1594 328 385 459 1957 1472 797 1409 942 1840 1445 1489 1138 1860 835 1689 1057 95 743 1705 548 1212 1848 401 1311 979 1745 15 1392 621 1939 1486 308 888 630 1315 984 20 1764 1956 1461 1819
1502 1824 585 1554 615 1077 551 1961 1126 453 1275 1750 581 1410 977 1740 451 1569 318 1450 1209 79 347 1854 1123 196 989 1644 1191 32 710 1448 853 324 1143 192 512 212 137 316 1134 250 1005 1396 738 290 1753 183 9 1686 146 1597 471 470 687 387 553 1250 1066 1747 704 905 360 1908 451 1373 892 439 334 1242 1023 1017 652 259 845 443 245 1404 566 1891 1826 556 828 1151 1228 233 1333 1151 1877 1323 1327 1341 1438 1480 352 794 1445 755 1683 1462
1640 1034 510 1482 251 1266 877 95 481 1928 734 720 358 185 1463 362 497 1467 1263 1975 1781 601 234 859 1438 1483 149 974 1517 1607 1454 280 829 1250 1054 779 467 1478 1888 1812 1118 1189 409 40 971 85 577 1206 104 57 284 1861 1917 497 1303 1140 1188 650 110 1749 770 43 973 1747 1838 106 963 748 1171 1478 1685 345 384 564 37 358 1255 431 1382 813 840 245 228 1942 922 969 517 1792 397 681 5 1640 769 1614 1933 838 1706 1880 917 260
1835 1317 45 1092 1618 638 1356 1255 36 888 48 588 577 1094 1997 447 531 316 1064 93 979 374 1876 1169 416 922 776 1987 927 1558 1053 308 1190 483 1862 1691 596 1475 1648 1625 486 394 812 384 27 616 1925 1187 948 990 1651 1388 297 1812 522 216 1622 1051 918 710 56 1278 1979 1625 879 462 1031 762 747 421 1762 502 550 6 1805 720 268 612 913 1492 368 1643 1199 1559 1076 352 542 897 1346 1653 1040 773 9 527 1700 720 1989 209 1553 242
1813 719 1148 108 1456 1721 1190 990 1654 239 981 1526 1918 770 695 1689 1833 193 1418 1167 1471 143 1323 708 325 1 246 824 1073 978 1783 555 680 213 1458 1065 1149 1033 1243 1896 890 265 60 456 541 42 1682 1891 40 1996 1400 388 661 1629 977 690 1794 1057 1836 1706 1742 1049 1982 191 1505 1826 546 1711 1984 1794 112 370 1746 1222 1702 610 1327 1785 1318 1682 1013 650 1798 1762 497 1113 1483 976 1191 1582 289 1040 207 901 1505 1308 1786 1324 1209 735
454 1093 1907 1837 343 854 1531 661 273 528 533 1 1659 1653 1789 1424 117 1903 775 383 894 1242 1027 122 76 163 686 1563 1475 173 558 107 1729 808 453 189 1269 162 545 1481 1902 1029 949 1461 1508 1664 314 147 1170 1028 907 1444 607 1207 1081 1384 383 131 1206 971 1311 780 930 1463 343 1224 1137 908 1422 326 948 786 1798 1073 1772 433 1681 826 1817 1475 1973 1075 185 1507 1462 780 529 1489 906 409 237 1416 1057 888 1300 1340 1415 1256 1175 993
788 438 508 1692 1562 935 1088 733 1389 1092 21 509 1527 637 212 1342 460 1075 986 375 1741 1083 1215 1858 1773 1197 1674 1470 612 512 1511 333 986 1279 1335 1164 317 1654 1806 1849 1960 494 1364 608 1820 1898 1560 533 294 388 1910 639 716 1441 131 1397 1982 440 104 967 1566 656 157 781 1222 182 3 989 920 1800 938 1383 479 1467 1172 1474 1370 1385 1433 921 1823 958 1386 1721 627 1586 876 1968 1756 1352 313 243 1285 1856 1437 317 650 1444 839 995
1499 1202 791 1084 1416 1778 9 1447 556 962 1463 240 369 1874 468 106 1143 1627 593 1607 1134 797 801 1918 1534 7 1587 188 656 759 520 1059 101 1147 279 1469 1345 638 437 1079 248 1930 483 382 1473 1649 1385 713 395 1978 1311 1547 1948 1778 333 1004 205 1595 971 1034 373 118 810 1780 1221 1239 1673 361 96 1474 1627 429 1554 768 1046 1104 1674 481 1799 772 606 1869 501 1617 387 1769 1734 221 1567 943 1616 819 813 1899 656 1350 745 431 1078 337
1820 3 1162 900 199 540 1566 605 1453 835 1431 1331 911 990 1398 1926 1534 1576 800 1029 342 403 832 847 1781 1821 1769 1838 1067 1703 1341 697 1973 355 642 1755 1000 1364 568 1082 1182 325 716 61 1790 1209 273 470 1671 1793 1188 1860 81 474 886 1666 868 1885 1966 484 1127 1606 745 578 61 1920 802 600 941 188 1054 1804 1353 517 767 1879 532 1524 942 549 442 1403 1547 33 572 1100 930 185 608 397 1041 440 1645 356 1542 987 956 1092 1780 360
820 687 1758 1168 1038 7 1194 837 1340 1791 265 887 1958 1143 807 123 978 820 449 982 1392 867 58 1904 77 216 720 151 725 593 405 1978 1165 1335 1199 881 1843 968 1748 154 730 1331 961 1216 1673 884 1900 691 104 1052 1656 1521 1217 1791 756 549 782 351 1680 208 413 846 1373 1549 330 364 381 1405 487 876 1881 103 1792 1012 1291 1726 725 1034 644 1820 1433 1914 1167 78 876 1701 133 1796 555 6 1118 220 1688 1055 435 1033 1919 1959 749 1208
1212 995 1375 1479 1291 1397 1493 1517 1014 416 1394 797 1899 130 1841 397 448 893 962 424 145 948 1396 418 1549 26 1046 1169 1804 391 265 535 595 608 1321 1498 751 1944 712 1679 357 1638 1891 753 1798 1503 1620 416 749 1835 1809 576 142 500 1376 280 623 1738 388 946 1365 310 1378 52 1907 1085 1947 1574 1220 508 1994 361 1000 42 1171 1023 935 1073 1456 283 715 1323 1132 1829 1276 681 446 1741 251 939 544 1261 1218 254 1102 1172 894 594 1285 1038
638 1399 905 466 881 1818 851 376 302 1864 553 89 1678 858 917 396 503 580 915 801 1094 774 829 560 517 25 602 1342 1679 1096 1691 502 1118 780 402 347 931 974 962 1493 1512 955 638 1583 129 1166 668 1940 123 1704 898 193 115 910 239 147 739 224 74 780 162 1615 1094 502 226 817 1112 877 1784 1322 1657 347 1397 1570 1236 1845 195 245 1898 765 464 1427 1795 1244 1324 880 1004 1936 1242 1736 873 418 458 112 1841 1066 1322 1236 1517 183
746 738 1825 1615 731 592 1011 938 757 1270 1420 869 316 1166 1868 568 198 673 1941 1725 1718 226 1327 433 1414 126 801 638 633 720 1519 940 723 1397 1392 223 1366 1411 214 1003 885 1084 1443 1410 746 1932 557 135 1370 955 1521 397 624 1448 45 1291 1618 687 859 1319 65 414 706 762 1320 760 1354 1716 1685 1980 190 1334 1967 1902 1602 711 1202 961 739 1131 968 1255 1497 364 1049 713 64 860 736 753 611 662 871 1510 1843 1593 1979 1736 1127 133
640 406 1929 725 756 1463 1702 1904 59 649 1944 220 458 119 768 1407 166 1143 504 1444 134 1570 544 75 1363 1513 1723 190 31 110 1272 336 567 942 38 78 1604 678 655 1295 762 1446 606 42 989 1123 1008 1042 1276 1334 1439 1121 1890 1835 928 1092 1592 535 1681 1347 395 1858 305 1570 1404 956 672 133 820 1053 896 403 932 1613 290 1848 1082 474 1148 1234 511 381 1482 654 594 1327 1675 1762 1757 147 1210 1392 451 519 1899 963 462 1033 1834 446
1836 1291 1930 614 1060 1447 1040 1181 1262 59 425 1099 1199 579 1894 1376 1937 1818 712 1421 1258 401 853 1084 921 499 983 158 299 1044 526 1353 69 1944 1371 1579 198 1913 127 383 216 1912 345 892 1051 1535 1715 1110 800 735 1967 1201 1403 1427 1370 528 989 974 1417 268 425 464 1272 693 1928 581 78 603 522 1787 782 1151 1618 1377 899 1042 1914 1408 1398 1599 868 615 1401 820 1622 1014 1651 647 705 1879 1444 1543 975 1243 677 1929 211 473 889 1824
1345 465 977 617 1004 726 1153 1604 1075 416 1386 435 1512 1359 1965 1552 1298 955 76 679 1790 1738 703 1044 1840 1560 330 783 648 1588 352 1846 518 1496 896 512 1134 1211 1783 1933 1054 1329 1540 960 347 926 1672 1043 1961 1291 567 209 1213 935 57 1521 1736 651 294 1736 1074 1225 677 22 1994 852 85 257 248 453 1099 1988 409 183 1912 748 533 1600 1429 1640 913 1137 1807 572 32 9 1902 924 359 1072 1420 899 134 1351 1354 1993 884 182 1057 1779
217 782 1784 688 179 1096 396 1769 890 1681 1406 1560 285 1558 1876 477 1101 741 765 1898 580 699 972 321 1392 1757 1589 802 1013 236 1107 1626 86 388 1169 623 1624 935 526 1465 1157 936 1866 49 1560 1558 1493 508 1414 455 1767 58 1225 1030 1474 210 136 1011 714 467 191 1164 631 1489 1796 67 1812 1156 534 470 516 1626 185 112 55 651 1100 839 1136 1737 707 1883 1928 1343 755 472 1125 288 74 1398 1116 1212 691 320 441 1681 993 1317 84 1137
1105 1282 159 1802 1679 1946 1741 775 1945 262 1775 261 758 1889 663 570 1785 1015 976 607 550 1837 382 8 1847 1337 1671 376 1993 1649 1608 1200 971 1150 11 656 900 913 1955 890 1606 1566 652 1760 1719 1854 596 1117 1755 322 478 535 567 1910 1987 1396 147 1800 1844 131 387 639 918 121 1687 1566 612 1409 600 489 902 439 1608 636 51 1870 1434 473 1899 409 1778 1436 552 1146 680 1288 267 1356 978 1486 1545 824 1479 804 358 922 59 884 360 1897
1467 712 285 1470 1447 1383 1551 154 4 466 1060 1841 224 1259 875 1374 1933 1342 1324 782 756 1409 905 1957 480 268 1011 378 1260 1104 657 190 660 838 1414 1112 86 1034 1244 1487 346 116 1557 297 1296 267 1380 1691 1920 1674 550 661 1373 881 1676 1869 1574 387 1676 1507 1127 30 1928 448 734 254 1637 769 1349 362 582 1968 344 175 489 767 1905 930 1750 11 406 1980 635 456 1590 1736 641 642 298 1939 1285 1454 532 1710 425 1825 1282 1180 1958 829
781 1133 216 1467 100 1406 65 1854 1728 1171 1874 1989 1387 935 216 397 416 1645 869 649 1293 1562 486 1532 412 1047 96 353 1952 1472 551 985 1223 1093 523 1547 1143 1913 1901 1918 667 1870 93 469 1732 631 313 962 521 233 343 194 564 591 1579 1411 997 475 496 462 1987 1459 1893 291 207 1681 566 728 1227 1630 374 888 1242 54 482 111 705 472 1102 106 611 77 545 1348 1040 1742 205 621 1039 669 1463 1262 248 1202 1943 824 46 913 1294 1783
976 1813 1075 1293 1159 1528 931 72 725 1515 462 1071 1836 1682 1494 705 1074 252 221 1573 1866 1347 160 1513 1418 221 1299 1988 1843 885 382 1982 281 1553 292 1378 1520 450 748 1977 1762 1340 1672 513 1384 651 866 35 1237 503 669 534 436 141 855 96 1393 1424 462 280 1286 1496 1499 271 1045 1079 1374 21 1116 880 1373 20 887 1464 1401 1285 1750 189 1898 359 1913 952 1183 136 1275 527 707 555 165 1633 1043 1391 662 884 6 1862 945 231 728 920
10 1184 392 201 407 1773 942 661 1192 465 318 1314 400 1934 59 414 1268 1052 1105 444 1023 781 905 679 517 1296 166 910 1938 1090 460 1405 1731 252 12 552 777 454 505 235 1349 1390 1174 1795 11 1802 587 1187 353 1069 1307 1153 298 591 1328 1967 1749 1644 823 854 856 420 1647 1712 1870 1739 280 1044 100 616 533 1260 1489 770 1684 1067 1318 133 1226 1449 173 1031 101 1545 339 1741 284 297 502 932 1459 210 1617 452 1471 251 100 13 50 1014
497 65 1320 609 1163 901 1552 1130 205 1186 1042 1207 1082 137 373 1305 225 1158 117 129 953 1709 1712 744 1483 1146 270 1925 693 744 324 1155 922 917 392 1834 1145 111 1176 1998 1344 1902 263 1842 731 60 844 1950 442 895 1144 1212 249 221 1155 1017 1600 762 55 1541 761 1854 1386 1478 267 463 66 682 614 202 1208 837 613 1943 1251 1904 471 90 1783 249 525 246 1126 1347 1118 974 1069 1829 1346 1697 1807 1257 1511 1796 198 1854 1732 1796 1344 625
664 145 959 1632 565 336 1178 1015 131 974 358 1696 1600 1917 632 1237 1039 1497 1584 631 316 907 764 1844 804 860 442 624 12 830 164 927 926 1309 928 850 1816 1452 294 1391 1003 1481 747 806 1068 1455 1288 1214 270 1608 918 536 763 1886 1225 473 1781 1906 1379 98 881 1781 313 1291 320 1529 1208 1248 547 1736 194 1485 387 1973 522 53 751 302 16 751 1375 858 949 81 931 244 1551 946 1155 1735 457 902 1985 1919 525 589 1149 74 1080 1149
1232 962 1277 792 16 1627 901 1903 1079 272 813 1632 217 1149 1107 1329 442 1412 1311 208 445 1175 451 203 1820 608 1085 1798 938 101 1010 1754 275 1236 886 278 1768 1812 1694 1339 1788 480 1422 1136 481 677 149 1398 1307 1226 140 124 74 189 643 1953 531 1165 1250 1440 640 995 1117 1497 1379 1460 1644 1302 1787 1371 719 850 474 1732 1638 1369 444 594 1619 42 1405 417 933 883 199 1571 1651 1550 1492 90 1035 1409 1278 1810 441 457 1343 163 1566 1053
842 942 350 1214 1717 1085 1280 1723 867 455 915 300 1627 337 662 395 1681 798 1325 756 1262 1222 1798 1307 1176 1597 1843 1692 252 502 1164 1550 1618 179 1836 762 1254 484 476 493 205 1038 814 914 771 1618 807 1080 1769 493 1522 1802 1057 1638 1415 1381 262 416 777 516 1546 298 171 1434 162 44 1415 838 1208 1289 16 399 1710 784 1897 1126 20 1712 1429 483 1564 1244 271 1498 1675 723 1333 662 313 1291 1864 940 1206 1918 1712 824 884 1184 41 358
1051 23 667 1385 133 1776 527 621 1091 1741 1437 916 1285 326 534 375 987 1838 1039 512 782 1570 497 1294 486 206 1004 1419 1323 1055 185 995 1471 968 1526 243 1445 488 1332 1608 1977 1285 1630 1187 620 920 515 1874 695 112 892 685 1165 1090 348 443 1705 145 1399 1558 1625 1696 1239 914 1207 451 337 516 503 864 24 1857 332 62 413 776 164 32 758 1567 588 165 1038 1744 775 98 1067 1553 1818 1215 397 254 212 1320 172 1008 360 130 1933 700
1010 1295 739 618 50 583 693 677 1039 101 1867 1121 458 1139 572 1262 1117 1208 646 1162 1125 1749 618 624 166 1966 1331 1959 40 666 115 1616 738 79 77 1847 322 1894 1798 672 1364 1520 1371 1542 1663 1358 206 651 1559 776 901 1808 1233 1883 359 1069 1875 706 847 423 289 699 1832 1483 374 1445 607 1978 1738 862 1878 387 1356 644 1510 515 1529 505 145 1092 29 1347 86 1473 1850 572 1647 1608 1506 180 766 1824 442 1000 734 1785 1460 1742 1654 1513
1192 1713 1270 1400 1242 978 875 542 1749 1561 1683 1117 603 1587 809 3 980 995 1661 625 1711 12 589 1297 1212 365 1920 358 1473 1263 439 1021 1388 876 735 89 1845 1260 638 1345 891 605 415 1040 1537 65 1261 1294 836 793 416 1939 1493 1376 326 126 51 159 1979 1209 1451 1947 633 1974 418 765 502 596 37 1207 838 1602 1756 848 847 1541 1309 1042 162 1931 1110 1907 581 1421 1414 1765 1960 699 1460 1579 15 1797 506 1317 990 679 889 646 1023 1031
655 1813 1991 1915 1164 1792 1919 61 1259 712 1910 779 1285 1425 1793 1653 1922 1331 454 742 683 611 1288 360 1020 720 1531 1137 821 1552 804 847 969 797 1158 860 20 1338 868 1140 1031 1256 1077 1265 501 31 528 1070 396 1298 157 1241 1500 407 1526 1206 787 189 1596 1446 1346 242 1319 1395 1850 1236 1880 365 22 1408 1309 560 1045 519 411 1319 393 395 1528 1438 102 1362 458 821 1520 888 1009 1400 1961 1964 1138 251 680 715 697 724 1487 1916 1310 820
1812 857 1011 282 999 71 1647 936 250 53 26 1047 593 500 466 1513 230 92 906 1685 100 576 1888 1099 601 1428 1831 249 223 491 637 1537 12 260 1149 680 379 800 1247 1434 1422 569 1978 1437 558 91 221 675 1493 430 1579 255 222 1697 1903 333 1014 1290 376 1879 682 599 1615 169 1874 525 238 723 940 631 888 1951 494 84 1663 948 315 1054 1603 1522 1225 384 1461 1916 1487 1761 103 828 1173 197 60 1517 506 1179 49 243 1733 572 1042 1033
937 1236 1896 1108 750 226 994 113 617 1307 554 916 1100 44 1745 1540 1998 428 1190 593 1655 1949 1480 747 1873 1252 909 1345 378 1313 1293 692 292 1598 1251 1971 617 1265 590 1299 872 8 150 1257 825 385 531 118 53 4 1427 1905 1865 853 1080 374 1075 1667 706 95 726 1886 496 870 503 1642 92 641 1422 286 370 742 1951 1440 909 1612 210 201 1822 747 642 148 614 414 1645 182 1616 1419 229 1097 1151 1040 1301 510 1401 1910 1197 1738 87 488
907 1853 362 268 1029 632 1090 1528 1548 246 1994 1950 1610 790 1644 104 1263 1847 546 1195 206 1882 1678 1183 1333 67 1658 1486 1485 673 1349 830 610 1558 600 1851 1630 844 1812 1436 480 1624 325 1941 1562 1042 120 1271 954 1278 435 702 1033 1114 1438 987 682 764 788 232 66 246 915 517 1569 495 1397 401 1345 1858 598 279 843 1161 579 438 1335 1375 1520 1698 589 330 1421 1098 1933 543 1711 1641 1552 802 1192 1033 1807 1036 720 1239 1185 1940 1558 665
1854 485 1251 1035 844 1833 1658 924 835 1497 994 805 1249 1863 1914 1458 96 1854 815 550 391 989 830 1937 1163 511 13 575 1068 688 591 979 660 345 1952 546 75 955 1072 88 630 1032 1373 446 1419 118 1043 1308 1745 961 1710 1113 1111 834 317 623 1693 1794 1286 832 1740 106 1550 511 213 122 1377 708 1973 938 1213 534 331 115 289 1725 1300 910 216 1884 1409 205 1176 1185 1936 1032 1089 1810 701 1855 1422 1856 825 1074 1182 1730 477 1994 1460 79
947 1046 955 442 1967 922 1571 1974 1867 114 1951 1590 289 1237 1175 1399 849 314 1334 1364 1068 556 660 1597 36 774 47 1748 784 1077 734 693 1428 396 1379 1887 490 627 727 1829 53 70 1470 1518 350 1168 89 775 1176 137 1027 517 194 1246 1736 1204 1404 316 805 575 1480 1364 691 388 594 622 1568 1090 66 321 519 250 1072 1170 872 1064 776 1605 1887 887 1852 1820 190 1429 1333 1311 147 1521 1435 775 1959 769 1574 931 1015 26 1724 1725 1055 1831
136 667 709 284 1688 1417 282 1396 52 1786 939 1610 1119 1705 1139 769 638 893 761 1964 1585 339 1834 1786 895 1485 987 117 1748 1188 550 463 1425 1705 1198 934 1543 886 227 136 1453 296 1351 772 1408 1228 1384 1894 1148 1997 999 1166 1428 1987 1309 1786 1423 88 321 497 1751 213 825 857 22 1919 1325 1100 1345 1841 921 189 1292 112 973 896 1736 472 338 332 539 614 1445 553 889 731 1751 1774 1330 196 1335 1769 254 741 1463 1207 1313 1819 1943 284
656 266 868 780 1939 548 729 385 984 1183 1745 1110 1428 1326 716 255 762 1794 1845 788 121 314 1692 779 1259 1933 897 1667 1432 1554 1087 775 833 948 199 855 153 1265 220 293 259 1195 713 1206 1558 4 1295 1187 167 850 1727 667 1090 1927 223 461 1420 1817 431 1569 1799 1900 1838 532 1774 84 1097 1759 847 1131 1790 846 929 550 569 1157 1352 394 77 893 1228 693 1168 1948 1880 6 146 1662 631 200 1436 833 189 1934 555 1330 814 124 109 1247
1774 936 739 1006 1055 1187 823 504 611 1942 677 1610 646 762 1520 1357 1043 956 1820 767 282 1410 1459 1388 1378 177 1147 1523 1286 1707 611 1496 347 1118 277 208 26 346 1044 1395 964 328 878 897 249 42 1639 761 721 1818 1571 1627 1101 1638 235 766 310 1099 970 74 1896 192 1868 1678 868 1078 1502 596 1329 1895 1285 1177 920 877 1422 251 1351 351 181 1324 81 616 1840 1824 1242 1280 248 1578 1869 645 147 1930 1830 1050 1479 848 1909 1943 1048 699
1031 601 1659 1756 119 1801 172 672 1838 1207 1549 704 145 1236 1963 208 1601 132 359 524 531 917 1482 1785 1409 1582 804 1972 884 902 162 1725 1541 747 143 893 579 1019 936 1537 1310 1034 1151 364 1498 1347 401 1562 123 231 1046 277 421 1724 274 425 660 1693 913 1618 861 1596 1870 1776 232 373 111 1691 487 1464 454 1417 1060 897 1556 1092 219 133 945 1752 158 363 120 48 1654 30 124 1976 1160 1926 111 1071 1037 1812 793 1458 1803 823 227 159
1916 120 28 827 1667 265 810 597 1976 1831 1942 1628 1529 148 1190 1279 1239 786 188 1456 416 1721 1925 1950 1748 417 772 1094 590 1626 707 320 1083 1486 869 1549 157 1964 1088 1282 1279 1702 409 1164 977 1400 779 506 1951 1282 1471 190 1184 3 1185 720 1270 1919 1342 674 1678 1701 654 607 1430 1674 568 1483 381 1871 843 749 31 1318 900 863 878 483 181 1217 780 908 699 783 1737 1608 1501 1213 1094 1743 1353 1702 1594 1880 1370 60 797 1447 1412 139
1362 991 1154 620 277 1393 1287 1342 47 1594 1657 752 262 1404 1836 573 1368 1100 155 1743 569 1753 692 743 358 74 83 383 533 1858 849 229 404 256 1538 160 31 920 1300 1186 1282 1572 36 450 306 1167 1732 1131 1928 1979 741 506 1079 544 1220 343 1058 1143 388 541 1191 1227 1832 1530 868 420 918 75 814 1431 1705 300 1003 880 1838 1757 878 1131 210 26 182 1948 1394 1339 56 1142 1391 529 1551 187 347 1306 1982 1475 880 1304 1574 1304 1260 1886
1648 354 559 421 299 1856 579 727 712 892 469 1005 1134 1179 1671 171 1720 1002 834 1044 714 1763 1331 545 46 931 309 1932 1544 541 1270 1517 523 949 756 1832 771 1387 1830 1036 1339 453 1724 850 1034 1261 686 1594 495 1973 1936 130 394 1167 1677 1173 871 3 1565 1738 730 492 1000 144 1836 1647 628 312 1813 1071 643 1540 1754 1725 1582 307 1146 1807 1945 112 1672 361 1632 1127 603 365 585 1349 1550 1463 64 422 1930 1518 1772 1942 406 535 1468 1820
1122 1055 236 154 1260 59 1351 945 1807 1160 499 837 429 1805 1767 1527 1299 1784 1177 1909 1454 12 83 1729 1319 576 1606 1503 433 1230 574 1491 906 1855 1426 137 1021 635 1140 1457 553 1489 1738 828 150 1318 683 66 1846 801 1914 1832 1911 1162 594 360 1404 1321 1595 1283 1756 1556 622 1869 1418 1859 1823 492 61 1906 181 1638 310 456 1348 1519 1904 1079 1163 98 26 1575 1471 719 7 384 1089 1730 785 1440 654 1942 1167 1409 1158 1864 762 1309 1006 805
857 358 1856 344 554 353 58 1557 1118 1654 1926 1068 1560 519 496 1329 317 673 312 359 1690 1951 896 1389 1868 930 1204 409 1037 1102 1999 719 1096 334 458 1416 1052 171 549 398 1881 1404 784 94 1703 1531 879 168 1045 916 222 1913 1484 1845 1516 1574 34 418 1850 1825 394 969 856 1568 1368 939 244 1483 1481 677 1682 1000 58 612 1173 1478 1354 288 1891 488 1617 1459 1621 484 865 1777 1326 1395 1782 1143 1285 1039 1981 596 1413 374 338 722 1747 166
1282 115 1544 992 1348 1295 1901 1689 1353 1562 631 600 1693 945 772 694 1567 1661 1713 1355 1486 463 524 1259 369 1486 89 57 586 742 642 1726 1550 1843 428 995 1477 191 163 580 1291 900 862 1311 1634 737 475 756 1054 1787 1289 457 1260 1658 1562 937 305 394 57 700 746 80 1777 1317 1456 409 655 15 140 1990 1359 1523 1931 1646 1540 1956 283 553 1464 1553 419 1515 1092 1718 1405 448 1606 873 904 1177 876 1075 841 683 1808 114 1706 496 1629 1742
188 27 49 234 1181 1582 1169 1553 494 1979 280 548 1670 888 1881 1007 1928 756 93 1125 1194 871 1477 1848 539 1834 1226 850 1532 1721 1511 304 1194 93 1354 31 905 814 273 1141 759 996 342 936 748 842 1876 1371 1867 904 953 624 1142 256 926 943 715 1138 750 515 1458 1517 1530 1227 1449 1668 1271 1670 533 634 1811 174 1573 676 809 989 1349 1283 1642 573 1336 397 341 205 1752 1944 584 162 732 1249 1938 618 120 185 314 1394 559 492 1284 1866
1626 503 619 551 1062 1791 251 1184 1572 1885 730 1455 1957 790 399 909 1297 39 754 779 537 551 520 134 1247 1554 1132 693 160 882 1684 687 307 1357 1690 216 1062 1390 1115 1708 1874 729 1820 1166 829 315 936 460 506 1303 1527 268 1859 1923 1168 430 726 1095 1754 942 1935 1459 1371 1484 1796 1490 608 1252 1099 686 1765 1456 603 185 372 744 282 1916 220 1267 658 570 612 366 482 1700 1992 455 673 1098 503 1733 1268 715 1983 778 1769 1747 354 1334
1205 956 655 300 1380 893 654 1596 1197 1328 1118 229 1779 234 864 1853 712 1101 479 1061 150 1633 499 1464 1922 442 591 386 1789 711 488 1508 1182 722 1179 1226 1589 1609 1019 833 1776 1390 557 1805 1455 29 1107 1608 226 1646 1504 353 174 1671 137 1628 822 222 27 900 760 733 1983 1337 1335 260 701 1882 1439 1149 101 1755 103 340 1153 1178 236 741 1346 318 1017 311 1261 605 1616 1177 41 1132 1824 257 1684 186 358 65 926 1035 368 946 1127 1171
420 1888 1675 588 731 134 1514 1461 1052 198 1232 1632 109 863 591 1775 1330 696 863 345 169 987 308 1741 886 260 509 408 1820 1493 778 1969 1200 574 1451 1266 1650 1032 862 6 1676 1885 583 201 999 1256 95 1744 746 384 1472 30 967 1681 1672 1612 1930 56 1590 156 166 1676 1938 465 1987 1428 1296 707 1989 1729 1660 32 650 1361 618 1894 1484 994 1224 1449 1115 1662 1276 1329 1432 1648 818 1730 1366 90 893 1250 901 1537 1698 1124 525 510 1983 1414
127 461 1506 1834 1016 303 1778 1815 520 1760 584 1822 605 1811 764 1061 726 1250 1120 327 671 1141 492 864 1083 384 308 1643 1943 1416 1523 845 639 394 1475 1162 223 944 1272 1351 1700 952 1060 1688 581 1707 1317 505 1534 605 996 128 1352 1491 1419 1293 1563 362 304 1550 1641 1817 915 75 1151 1005 535 1629 500 229 1074 35 1861 1593 204 1464 1809 882 373 1180 1457 1867 1085 975 520 235 1214 323 1774 1275 1700 936 1572 816 841 454 1672 1738 1690 99
1447 1823 1159 992 228 1346 1838 154 675 646 1733 758 90 245 492 619 505 360 1694 1054 496 1046 184 1200 1265 1264 1187 1630 1988 1575 1059 1067 1902 1913 789 402 1226 40 1385 1884 311 216 1080 922 61 336 1054 1283 507 1374 494 1212 1393 1395 125 623 1237 1870 1740 914 1051 1374 1033 1130 137 1550 1648 1487 132 629 715 1230 1473 975 997 1615 1677 1543 73 1253 940 1201 649 1557 1807 984 455 1016 1103 85 1897 389 1684 1591 684 1903 1890 615 654 1961
1730 1960 583 908 24 1462 1923 949 106 68 1585 1292 1556 708 1161 606 1177 1545 302 514 1856 833 72 128 1683 1347 1874 1822 191 316 1036 532 1425 838 1635 1551 684 894 258 602 1819 786 909 16 1875 1039 1998 530 1558 1630 18 305 1322 616 557 1324 1706 1621 868 737 1350 1035 121 1536 405 1777 664 1524 670 1808 1714 1019 1329 111 1924 388 1493 547 488 1804 1120 724 1113 1675 1394 30 743 1650 1682 1510 117 1667 1083 1096 1267 870 1862 804 1977 1965
9 758 1613 1090 1164 385 737 422 1978 629 298 483 1299 1358 1294 1471 177 1713 1734 830 528 1596 605 1522 1640 707 77 420 719 573 1729 971 549 1770 14 1965 956 1093 1561 1820 535 1562 1250 1897 1841 1412 119 33 332 50 206 1855 1703 246 433 1877 633 83 105 1891 17 54 590 683 1329 837 384 1510 837 335 1234 377 1718 1440 1082 1282 1804 430 748 315 284 1022 1062 823 171 1590 206 1638 1331 1117 975 820 1149 389 745 1268 1675 1631 559 590
1508 432 1871 1961 580 26 1161 44 1914 1676 1007 953 1951 272 1992 1972 514 640 1758 1545 413 297 1608 768 1699 113 483 1695 655 1595 1234 1806 1053 471 447 9 1023 231 1537 345 1094 766 1785 1853 1034 174 1123 1200 872 1095 1858 1581 175 193 1677 280 422 1274 830 271 31 1263 1599 551 683 831 461 1072 709 877 1003 1795 966 1637 108 109 901 240 1396 467 1699 909 1943 891 1665 1304 964 1048 1553 1710 1876 328 358 498 412 391 1000 57 1380 260
1036 125 1558 1008 409 1648 836 1121 325 1911 1927 1963 1530 1128 1578 1039 46 1365 1712 230 1473 1798 1225 1563 1602 336 1342 923 1074 706 1278 1448 1314 976 1400 1987 1480 1002 1178 194 5 351 394 235 99 1879 524 1600 820 282 257 1813 1173 987 1912 1795 523 421 84 1066 1912 598 1175 259 332 1254 1185 821 560 600 665 868 1294 635 1087 530 875 98 549 487 250 304 1755 286 611 540 66 53 1612 1823 1911 1200 1849 1018 1793 1911 1788 1485 1762 97
1980 556 1536 531 1715 1036 1248 939 52 1239 1222 909 616 1746 883 879 1311 994 90 1212 1445 1937 1080 1969 1330 1267 637 907 406 495 399 1736 491 1800 568 650 839 861 1607 1067 1936 855 86 1601 283 1188 1521 161 196 1443 330 41 233 235 1549 1361 1859 1821 1353 1060 1561 981 1593 75 120 1145 238 561 788 305 1173 1159 1509 1602 95 466 338 367 1215 1171 916 294 858 507 1221 472 1309 1699 1054 1248 1209 87 404 1788 387 718 850 122 1138 1421
73 620 831 171 417 1679 1961 1203 1111 1127 504 1800 288 939 1044 1743 1755 367 324 649 1977 1843 276 435 969 18 28 1204 1197 1033 1918 1054 882 1176 1321 982 1860 1857 399 1094 1543 1289 513 1334 695 262 258 734 1634 1330 1433 1199 1205 571 1262 975 728 790 238 828 94 906 799 1414 1468 1116 1040 908 1514 671 1328 837 642 221 978 1957 134 1403 224 949 1634 1814 238 446 1348 891 1973 763 927 1398 1580 205 1418 1002 1504 709 1062 1954 1464 643
640 1967 276 1072 130 559 444 1438 1712 725 1387 725 61 595 177 876 308 1429 993 1422 261 1246 1903 245 2 166 542 113 376 325 1304 177 882 1977 122 286 101 128 1182 1463 1023 1872 123 566 1042 1205 883 1274 535 1586 481 585 1794 1529 1411 883 93 1380 406 1443 865 29 411 65 538 1373 1752 1275 143 1603 52 1516 72 899 468 193 728 23 122 515 1140 835 1204 559 936 41 272 718 1466 719 1755 200 1230 1230 1082 1275 1818 253 1997 801
541 232 249 1176 1087 1428 562 1271 652 1275 1820 69 728 217 1194 519 953 1406 1938 103 507 805 904 1626 1785 1701 301 256 622 907 321 1186 1846 332 1014 1411 1126 1640 221 635 58 267 474 679 999 55 301 1643 151 862 1432 567 286 716 7 1671 1089 767 2 1016 844 1127 1765 676 13 96 302 770 492 208 1462 502 852 1290 129 852 1366 857 1412 1434 811 698 174 1061 807 972 1348 415 631 203 1157 1516 1241 388 1922 897 1336 354 81 1488
826 1743 1559 182 1195 486 1686 764 424 1032 174 1309 811 1355 1026 1926 1322 763 83 1421 1797 403 722 14 754 1373 458 1922 1896 1967 1286 1043 1231 766 1488 1812 1839 1269 1445 1174 292 115 1764 1472 769 857 165 960 416 1149 328 189 575 55 685 1275 1997 1203 1683 41 1844 1526 1355 1127 171 820 1030 1594 855 1397 1986 899 58 12 1635 1077 1526 894 1245 1608 1915 35 1979 1480 1856 1568 1826 592 1565 886 1507 1393 798 1725 879 1119 703 692 1107 669
189 62 911 1413 1351 530 1371 1435 471 1574 1467 185 299 852 526 194 168 1174 714 1869 1290 1434 329 486 1696 377 875 1630 157 939 18 1406 120 484 1681 580 648 1248 911 1490 827 129 226 1586 399 241 1080 1906 45 835 626 137 1900 195 1720 1792 140 1862 951 378 1916 1328 1008 993 1535 997 1537 33 290 72 1913 171 1453 1929 220 1555 969 1885 1446 1070 689 1607 233 250 1380 1508 924 1072 386 72 1770 1091 1721 679 68 1937 935 1301 974 1096
573 1367 1006 1928 1455 130 1307 1538 1352 1532 1374 1594 695 582 1603 18 119 116 1981 1408 1456 512 1805 1100 1494 991 274 1744 544 1588 1804 1797 723 71 671 844 1580 393 1670 4 1450 1150 32 794 1823 1615 682 1094 48 1343 1935 1362 1641 538 1403 136 1911 824 1422 1214 1787 1609 575 1386 257 1684 1769 1646 1232 1511 1163 1763 414 1759 541 449 1665 353 1407 961 1073 308 1798 1456 780 608 1331 332 410 98 826 1054 963 560 1245 760 1378 541 1566 61
1442 339 1461 231 1913 220 716 1683 237 1995 1827 839 1552 675 260 1342 1703 1489 1418 1402 288 1450 431 843 1812 370 1124 1786 984 1078 1621 587 1712 570 1252 590 1478 1064 616 1720 1974 63 625 1250 925 503 1545 620 1946 433 1484 1091 1032 1685 1900 149 914 1032 821 1289 480 1340 354 1445 816 140 719 1447 1889 1760 762 1259 129 303 1523 1680 1229 1525 250 770 1455 1294 539 1759 1041 1046 1779 221 1768 1511 318 1497 584 1931 1676 1866 79 304 1242 1008
1199 937 1501 548 1417 1680 669 382 1672 617 28 628 1529 840 1355 1936 1612 1024 1240 548 137 931 1153 1074 714 902 165 1646 1219 439 1085 378 1656 840 534 427 1482 336 226 280 1067 204 895 1353 813 1571 681 1605 1678 1858 730 504 306 633 759 315 610 1859 510 1238 596 154 742 1615 471 948 1542 1124 566 1579 1688 505 77 519 1068 830 1371 1409 9 170 1889 1708 1013 442 339 74 1303 529 630 459 1117 1147 126 587 1388 1321 1341 634 921 910
368 1851 1889 788 1808 1386 1399 225 859 853 1069 170 1787 477 1584 229 1273 1041 410 1956 1685 1807 637 1909 1004 1666 1613 470 1788 1214 903 125 1609 1669 1990 1148 228 1744 1782 1839 1248 510 729 1603 462 1771 1420 267 27 1703 257 1742 1450 36 429 1295 756 1989 1878 2 261 442 1161 1825 84 279 1319 1895 854 1680 1772 1181 130 1513 908 1493 514 1076 1822 1208 201 1793 34 1706 564 1727 790 1057 677 43 870 1034 865 1154 124 14 1136 878 1276 1744
618 1437 406 574 578 271 988 1718 1389 1410 291 1719 1931 1801 1593 1542 493 945 1064 255 1604 707 996 391 535 1516 682 827 1483 1160 628 1451 513 1495 623 1852 1392 1012 380 1693 985 1689 866 1352 1584 221 723 959 1393 1540 1727 410 173 1329 573 110 1678 811 1720 888 1139 708 480 289 445 1481 806 1230 1134 385 136 216 829 271 1511 1196 43 706 983 467 742 75 823 963 1562 949 295 1685 1398 1104 1062 1813 965 288 235 1376 1612 982 89 380
1623 1530 1465 382 892 1644 214 1400 276 1805 1837 530 482 1151 1959 393 253 1272 1797 991 508 520 345 1262 1851 1851 1889 792 1727 1894 830 391 1808 919 1123 1366 877 1427 1308 495 1847 1825 245 619 926 407 1894 1400 1718 735 1783 572 1851 1504 1814 1902 1083 812 1432 739 948 806 1050 304 1707 1629 1542 1906 1645 1992 1735 1941 899 1757 128 785 1164 298 249 199 1061 265 1015 888 1850 1 1790 1415 314 1146 1247 738 1148 1508 1561 937 1227 1784 1325 1764
945 993 1605 1674 796 1391 1442 1691 1813 56 761 510 1583 414 838 1497 1347 1917 1060 125 1612 1892 1865 1484 585 252 570 903 105 145 123 722 1013 321 526 641 150 807 895 104 531 1745 362 646 1698 880 1512 115 1330 787 737 1637 1793 949 1747 788 1579 1804 1107 1466 387 1796 1274 1162 209 582 561 1190 530 166 509 1686 824 214 340 1952 1213 1194 1830 1958 961 1837 1471 105 1576 1232 763 850 1462 1058 1684 1764 1541 985 380 1502 373 425 1018 1313
543 638 1704 211 1059 715 914 1030 369 1415 1756 913 353 225 441 489 1040 1847 724 1714 1077 692 1970 1197 396 1505 622 228 576 243 277 1135 83 1471 1779 1962 610 805 1839 826 1768 1147 520 883 1041 1888 1511 287 1036 477 1658 957 452 1342 1609 1360 1825 1121 91 247 376 1781 878 175 1785 360 404 308 973 1499 379 1438 1606 106 906 1863 354 731 712 830 1078 1543 373 623 230 510 478 26 1657 1690 1706 1149 1250 1429 669 361 1976 756 51 1819
580 1360 692 496 736 1333 709 1432 129 1534 1401 932 716 1322 1545 231 583 436 1621 1702 1450 263 1507 718 790 444 79 491 1673 575 283 319 609 287 322 375 1435 689 178 1457 498 1564 1115 1427 1428 1425 1237 1786 380 1975 1413 107 1410 1260 127 1314 775 1168 1748 1391 424 396 1264 562 1952 964 1633 78 1856 1611 532 1705 1425 610 646 1102 142 956 639 919 1756 796 931 754 591 1185 1954 800 820 903 1880 1197 246 1782 416 739 1282 1033 555 1483
