100
100
311 1383 1027 952 1208 1161 268 1133 180 782 1279 1865 28 79 3 149 1967 1554 1324 717 280 845 1103 1217 1276 1367 1151 1794 1119 1441 619 95 1669 764 541 549 1109 654 1349 984 702 848 744 1729 117 1362 1254 969 1536 1744 274 129 1583 1820 997 246 1096 1626 389 552 1322 1393 1437 1391 755 1222 1132 1647 301 923 640 1569 337 666 1750 1179 1197 1582 886 1004 1545 821 1954 1850 173 1650 532 1415 1225 1236 1624 458 1590 1992 301 850 1115 1839 1522 1869
805 179 239 29 224 1353 1129 338 1135 1841 918 1317 1083 192 306 138 1215 808 1627 177 695 701 37 1740 492 643 1771 1771 281 399 1574 33 1362 367 1948 1709 1913 1376 398 785 700 31 379 1223 647 650 1163 1784 234 492 193 1624 752 658 576 1083 894 1223 596 592 1342 1290 460 959 1999 77 1899 1971 1459 930 990 385 951 215 1900 1139 1945 1027 1646 80 568 1478 1932 1867 472 1568 1162 1519 1694 1750 771 1188 383 839 1188 1109 728 891 978 1862
527 939 1964 666 1021 83 1257 1060 943 674 746 430 1582 982 435 423 833 266 940 104 794 1466 1608 612 876 703 1309 349 1703 462 1782 647 623 1399 1542 96 375 411 1338 871 181 1269 973 795 1659 1604 60 691 1894 770 1132 266 130 1124 857 952 589 1688 1745 1509 1509 672 508 1766 1104 964 899 1940 1762 107 1444 1860 504 147 1363 482 330 1566 489 1977 505 1063 1609 1825 593 1993 650 779 405 1062 446 1903 1038 1091 860 93 1364 455 910 1199
902 949 919 1293 1248 1494 90 1681 1036 1837 1331 1620 1808 1007 899 35 942 1740 1955 571 1672 332 809 53 1377 582 1643 1415 1906 1002 1356 1566 918 587 1582 1560 522 1241 213 979 114 213 1847 1773 1077 1640 760 799 228 592 489 1825 815 21 1974 662 1037 673 1284 1074 893 1045 1394 608 1004 1466 36 202 575 380 1777 638 1095 365 1458 254 1379 1593 1893 1555 895 1139 448 259 1012 834 345 783 1060 1908 1279 613 85 1271 1239 1987 1157 238 1706 622
84 1544 177 699 103 1102 758 1311 1345 1412 1536 1501 460 1995 1155 1855 56 671 717 537 1541 298 586 618 884 380 779 1554 690 1596 658 1131 1759 1970 14 707 1542 1247 1868 744 1620 571 1965 753 907 390 29 1412 1959 1285 155 1552 852 1160 1960 1333 810 129 1504 1284 283 153 237 87 172 722 1926 1717 415 1071 338 1217 1422 650 275 1058 1717 1497 295 1150 1933 705 382 1731 1716 912 1947 389 769 695 997 567 1899 312 224 195 1796 195 1789 1154
524 578 659 1317 1951 1538 777 1480 650 1857 1222 1884 1767 1406 282 432 1320 927 1958 1618 284 1706 1953 1324 1893 311 370 1208 1246 1699 1140 1508 1351 827 1856 1926 328 1724 1028 1135 1709 1761 1484 379 882 996 667 536 330 1229 1237 1077 1151 1930 1899 1922 381 891 1998 1944 1501 712 966 1593 1979 1665 469 850 1990 764 528 40 436 863 872 1746 21 704 298 498 1099 709 1115 244 211 629 1764 254 1568 814 848 1989 846 846 525 1111 821 835 1791 554
77 807 377 932 877 1127 1315 1383 452 1010 503 1914 1889 34 1511 1274 1492 1804 842 740 328 1814 1620 1710 1344 1321 1924 839 1580 1936 1911 162 909 1978 1768 1507 1379 1781 1230 1243 979 635 471 1182 1188 1071 1924 1276 1385 1944 515 1914 65 947 1493 1666 1746 1574 1183 1775 467 312 859 946 355 1535 1278 1713 178 754 1243 730 172 1694 1127 1197 1868 1300 1959 1832 1604 1645 440 877 1439 1474 217 1998 1628 1721 242 566 1218 1986 1569 1884 1382 829 1118 1068
1666 1824 1504 442 315 1176 992 1761 1347 1286 185 1292 160 274 1164 882 871 630 313 870 1671 1452 147 1216 45 372 1339 570 1733 1217 117 1051 1601 757 1450 282 716 1526 122 1495 1786 1938 1636 1528 1857 390 1649 1165 835 908 1322 619 959 196 1545 470 1406 1527 605 475 904 65 1793 1451 773 1322 337 683 218 1296 1891 834 257 1359 826 561 302 1630 581 1863 1413 38 949 725 1697 599 1112 1046 1821 435 144 282 1073 1265 1762 895 412 642 1385 295
69 364 293 227 1652 904 9 158 1488 176 251 885 451 946 1511 1004 19 816 1322 1313 242 91 1366 483 655 1584 1111 899 112 1882 1841 1341 113 910 1418 188 652 165 581 894 688 930 1214 637 1486 1554 630 197 1323 603 1764 764 1204 1836 1126 265 65 764 747 1969 878 448 1987 1336 1381 734 1770 906 17 707 1692 917 1148 1387 21 1061 603 830 895 1793 1881 1742 1576 323 513 1544 733 111 323 1425 1314 627 780 368 1393 1229 1126 55 1443 600
990 5 668 126 1299 1621 1183 1572 10 56 1303 1596 671 1337 1322 348 980 612 1476 869 907 587 416 136 757 1206 1249 5 989 352 1247 1724 895 1404 731 1279 673 1375 1527 1026 30 909 544 1730 229 660 1768 216 59 812 576 1635 2 1438 1863 1743 1097 845 735 856 1419 761 1208 225 473 626 79 1204 1386 1073 1141 689 878 1912 1125 944 1020 557 1715 604 1253 645 1816 1722 243 916 723 1848 610 1667 1007 1206 1758 1465 157 793 1823 1143 682 384
1179 853 259 494 788 560 1441 787 897 248 455 1152 1887 1766 1957 871 53 658 1801 1592 904 1920 337 537 1652 1039 1310 166 1389 1595 1288 1082 784 1226 237 996 1233 1068 1266 322 1596 1515 1730 1138 482 1354 270 37 1368 1458 245 1767 1228 873 1586 330 1832 163 1559 105 1064 1223 1326 1345 535 810 1678 1112 198 303 1137 1198 1649 228 239 326 811 707 653 821 153 611 257 718 1847 1907 1118 981 329 152 1461 1771 1986 95 1941 1443 1532 952 1906 696
44 156 1659 1059 315 1683 1939 775 574 593 913 837 250 593 771 1049 1375 1540 1827 993 1553 562 1219 1013 1743 1477 1097 1896 1764 1731 587 41 1189 1919 1120 1943 711 710 1776 188 1782 1180 1428 1809 1619 1482 1849 1983 297 1957 1848 1565 416 83 172 781 1685 1861 1543 567 503 1615 1979 836 710 1720 132 1968 283 544 1751 647 136 28 1990 593 1711 987 1783 580 1593 970 433 1586 1386 1723 1802 1270 332 412 56 1857 1604 1803 28 166 529 284 1877 912
1325 621 1043 5 423 1852 439 799 53 7 470 1751 1111 578 395 917 1289 1944 21 1072 1343 1282 1265 808 50 4 455 126 1638 1633 435 1829 19 1927 1074 1197 919 1130 1641 1463 803 1186 1875 345 1720 909 1581 1687 920 883 740 1864 931 871 691 1944 928 899 26 1119 1663 7 1960 243 1844 1991 1982 977 429 261 1197 1534 671 711 1540 1891 1786 313 1491 264 471 609 647 511 390 772 1828 675 1141 1109 1231 1972 1465 655 780 1217 1875 1230 465 1596
608 59 1651 1429 1102 250 1177 1018 560 1930 1461 1920 429 649 627 306 664 485 778 1164 833 708 2 946 1970 1177 1884 943 1811 772 56 1000 655 1920 1965 1383 40 263 1539 1996 1125 1803 1391 507 1222 1566 1443 1725 393 1446 1339 600 854 1512 568 1375 1904 664 528 1780 569 1235 579 1429 840 1875 503 716 1893 468 1274 1619 5 139 1437 1989 46 1366 966 21 1880 1721 1404 188 1060 897 1074 285 1555 1832 1348 1511 1998 776 1392 1906 412 1537 221 1452
327 501 41 658 358 575 922 1771 114 1954 907 1927 1338 535 1446 526 640 1558 8 148 1297 1081 1385 1340 581 737 372 1875 257 1240 1570 514 484 778 674 1306 1948 1330 1869 645 1351 1556 1946 1880 1925 1168 1426 1766 976 366 844 1489 1238 1962 1749 1324 254 1719 1265 189 1774 538 1848 1027 1979 32 1196 860 1141 1451 849 1701 701 1371 386 52 707 1103 1275 828 331 721 1744 1037 713 1151 640 1631 1061 1470 1411 279 542 1508 1823 392 1015 1155 1387 1413
1600 72 661 1636 148 1852 864 1460 1376 67 396 1903 315 636 779 39 1384 1369 1840 1026 720 1718 1135 461 319 1363 576 670 1810 1407 1294 177 943 197 1917 1317 782 275 96 1238 978 459 960 1607 408 1520 193 1766 1661 1870 466 62 827 928 1850 111 318 1842 973 1741 486 593 1586 1647 182 1942 1983 1538 564 770 734 1549 1349 739 1334 1975 514 595 1140 1309 779 1687 1852 1355 1865 646 54 1803 299 438 332 1133 834 1712 799 83 734 1057 815 307
1480 392 1959 1006 1453 480 1040 481 507 921 1633 895 788 1138 752 1193 34 1505 1745 175 831 1566 789 1894 966 1354 866 1792 142 169 1340 1920 294 386 198 1979 1392 336 1698 300 639 1282 1152 1688 1613 677 1701 1831 1978 1940 893 1488 1212 595 1858 1823 300 1349 1754 1254 763 1891 60 1051 1642 1223 1682 1761 938 1371 267 362 1111 1855 875 1644 1314 1550 1387 1895 1520 421 1295 1183 1973 625 1372 1747 1472 686 1437 1208 613 1086 544 1756 177 1862 743 1908
1485 347 1773 429 531 996 484 1554 255 1948 1548 590 675 583 1364 1980 335 859 1907 1716 1959 1853 1687 1289 1564 1258 1146 1088 843 201 1897 622 54 1581 418 496 1525 1713 22 1011 898 1310 769 1523 456 1796 790 1888 858 1360 932 241 579 260 338 599 419 468 221 1886 1847 1358 1842 548 106 1737 1787 675 1420 315 246 59 155 1672 1742 1206 1667 1922 416 785 655 1007 1482 1333 1487 1441 1265 803 1590 1197 1264 1634 1436 277 1184 1961 1250 426 291 1109
1861 1261 1929 1501 1604 1102 566 1328 589 1249 1543 1830 254 929 1977 341 441 1367 1315 1972 379 749 1016 345 1973 1723 502 172 732 1032 1106 1374 929 123 47 1793 1805 551 1223 353 1432 1255 327 98 1649 153 1490 1163 1556 1628 1520 547 1110 1990 677 1283 1341 659 904 367 1785 1033 814 1082 1475 1138 1941 692 1226 308 1985 1200 457 1725 1315 1740 1816 1848 1942 47 741 1012 114 580 106 655 357 1164 1892 1082 395 1517 317 219 1437 1290 215 104 100 308
524 191 1938 642 1036 1468 1547 378 1977 534 636 922 1520 1094 1008 1932 80 942 119 1975 917 1590 878 815 495 1444 1253 1425 1418 1687 924 572 1903 611 969 190 22 973 308 640 429 492 1201 1973 1425 61 1778 1871 315 1986 661 1741 1993 733 1926 203 1325 1382 950 944 1243 579 1476 1030 1910 292 1023 1978 180 342 1271 796 1940 1600 1766 1646 284 1813 1026 1134 710 1223 1118 617 685 1164 402 1103 501 1773 1973 95 543 1751 633 271 102 710 921 431
1037 788 1592 733 266 1447 45 585 680 1578 1228 9 454 489 397 1927 1135 1803 1081 1596 1096 1729 217 1725 1522 738 118 1149 628 392 1921 584 1718 3 630 261 1565 386 151 248 855 1089 1724 543 338 1349 1717 326 1232 482 1946 1080 615 166 152 1760 1295 1551 1919 463 1540 528 1198 1295 1579 267 1590 966 1866 105 198 832 756 465 324 1475 1968 1119 1862 110 1797 611 113 3 1558 1255 1082 488 1153 793 746 860 1752 1905 1558 1789 1425 413 1146 492
656 1191 232 1747 1589 1313 791 1682 1712 1339 38 367 1613 1919 832 1177 309 817 317 672 1842 145 647 946 1291 185 915 91 389 1581 179 123 648 1769 1215 311 1224 902 1664 81 63 1470 1536 299 525 1863 1850 1597 1820 57 1001 1184 318 1730 636 1478 1627 648 1843 1925 1167 162 625 868 160 320 1801 133 1754 1320 1205 121 513 1460 1015 1994 553 919 293 1731 1919 1806 488 1592 513 452 616 1876 1488 67 1471 507 158 1256 1857 1866 83 454 56 951
1018 1579 288 397 731 209 61 1190 517 1072 964 1473 475 1831 1291 1787 923 74 1372 920 121 1029 1962 654 1307 1172 852 889 518 1880 1183 1466 1634 39 970 604 542 1270 567 360 1077 1507 1347 198 1464 1111 45 794 1136 714 1958 1574 1366 1956 1127 1122 987 361 962 838 1184 1935 500 1936 1827 781 879 750 1586 1782 577 1754 729 390 875 469 383 1440 373 246 796 1015 1743 1243 64 941 1890 93 1383 1041 1572 437 1861 81 576 1416 1200 1811 1490 1529
1868 215 745 863 1387 126 1685 1219 1402 151 1894 1665 516 1541 1439 1437 114 157 1235 62 1714 1171 1888 739 372 263 634 659 75 1500 301 46 362 967 500 1310 1874 70 880 1907 1301 491 636 986 1052 1692 1079 199 1733 297 1984 763 285 1089 750 10 1163 1555 1741 1105 263 1554 306 96 246 1124 1599 1872 496 352 920 1164 1589 715 273 1221 1780 935 1531 967 258 1333 581 634 336 1192 1964 1207 397 586 1386 1728 1208 1108 583 1676 1294 601 840 68
271 330 851 328 548 1485 4 532 678 720 1776 95 646 182 1144 1490 374 237 937 1443 749 1616 1469 139 1063 1838 248 1876 1538 1875 1633 415 1974 302 1584 1489 1052 785 493 1394 1011 1096 65 1246 1475 705 420 1056 1869 751 1707 248 267 1306 1653 808 12 349 1437 279 991 220 1584 207 1713 590 227 1932 1888 67 697 1540 123 326 1448 1410 1933 1226 104 227 133 993 1131 1604 600 1789 1602 1812 522 502 1481 1928 1414 836 103 39 1294 806 1393 1650
1256 477 1774 1921 1885 1905 1268 1155 1973 862 931 1267 764 1447 1917 1373 1137 94 390 964 1209 1743 997 61 1214 703 1361 1564 1673 1894 1127 1145 1093 1011 1929 493 1792 1640 364 777 1543 1170 992 397 1025 395 1445 1757 239 975 1841 509 735 23 230 825 187 874 1727 1980 185 1914 1868 929 1593 849 631 1386 308 92 1561 875 1186 140 1060 1960 519 1300 1571 1931 740 1993 1878 687 288 1565 1674 212 1673 1098 1043 735 1467 974 877 1925 900 1762 832 1521
1386 463 898 607 672 825 1441 397 897 739 1833 830 573 1365 1126 1375 1651 98 592 1218 1546 1700 1257 212 1349 107 491 1096 345 12 949 1035 264 526 176 1247 611 1490 310 462 1369 1982 517 219 444 92 1053 1363 754 1394 345 484 120 564 1533 975 1691 1053 1142 1331 1300 1525 170 1089 703 333 623 1062 1091 500 1727 1491 1749 895 915 1159 643 1985 1667 1016 1097 630 477 508 1719 299 1181 863 1288 194 1338 1907 349 898 1472 237 996 1898 119 657
1991 1982 1263 1255 528 1839 121 99 835 975 783 41 575 741 79 1510 523 1652 77 606 30 984 1344 1533 1123 1001 1425 1666 869 880 1978 1530 215 221 819 770 1723 1277 1308 1313 1599 1243 420 1596 1482 1193 1596 367 940 1418 1652 1069 1959 352 93 534 454 763 1313 531 1869 475 1470 304 675 873 1459 166 398 1517 670 1475 854 852 717 929 1723 1622 165 1281 723 1209 3 1558 1760 1135 497 1359 1152 212 242 1678 179 1744 603 1125 502 1779 915 1542
100 1029 49 105 1172 228 1428 1230 573 810 186 691 702 118 1240 912 632 82 913 198 1028 1801 1001 617 947 1815 646 71 840 1231 1229 1988 659 1347 498 711 1676 753 1521 807 1220 1690 1197 1459 332 1165 574 632 1193 1267 890 1668 644 1283 323 1598 496 659 787 1389 1306 155 1772 1875 258 626 173 701 787 632 909 482 379 1417 1751 146 957 129 582 1275 41 1200 1827 225 1993 1372 1770 861 196 1570 238 1173 1776 1046 1090 1564 1916 963 383 1429
1380 547 827 1670 371 1367 775 1352 1036 1700 627 1238 382 1644 405 1809 1628 1396 582 289 964 1446 1598 1495 230 848 775 1337 1416 317 1556 1285 690 1028 1720 1144 940 822 23 180 979 787 1327 1986 961 1350 1174 830 986 6 1243 435 116 1140 459 1603 1716 1132 1924 592 509 1818 1998 1950 846 1945 1755 650 1693 1176 204 95 1889 1329 1204 1769 1990 1282 1509 1355 516 740 941 755 1104 684 1619 1022 1644 840 761 278 776 1033 898 93 531 532 497 675
100 447 331 1816 1745 243 1562 495 1572 1684 1234 1680 1270 464 362 1209 1626 499 1813 564 724 1201 1050 1734 626 866 74 1413 1783 1326 1685 1131 1798 11 355 194 1024 521 1492 573 1260 1972 1158 1574 1930 689 79 698 651 1925 1445 791 994 1750 1300 1268 842 1605 292 1340 1413 1154 1335 609 483 672 929 1626 599 983 715 898 1092 1056 1917 1467 1929 980 186 442 1294 845 1251 1717 344 1869 1836 1751 761 1170 1224 1322 1702 1365 1621 442 661 1984 1245 1256
1008 1720 57 500 594 1057 1843 1056 1146 1465 1391 268 1557 932 1660 438 890 1103 304 149 217 509 671 795 546 1697 1920 997 1430 623 234 1979 1125 1202 439 1140 560 587 1887 1616 1879 729 1652 627 1211 252 168 1722 1715 1192 1935 591 1330 1947 392 1355 292 1888 1314 1476 1125 1487 504 1846 364 1855 1101 1449 1547 755 1661 410 441 355 1819 171 1507 1717 1231 285 1773 1131 137 1639 312 1008 578 963 1856 744 206 1145 829 391 250 1705 514 1115 489 943
787 478 563 1354 497 778 1050 1902 486 1817 1205 518 1569 100 699 598 1319 1675 576 1940 1278 31 282 59 1997 1490 767 991 1476 9 1965 1573 1693 1513 873 1352 1314 735 1235 1171 195 886 156 1374 1032 745 1872 841 1561 1663 1711 526 522 1250 1475 1955 495 222 435 758 1151 98 165 1521 238 1158 1587 1874 284 1757 1442 1828 513 347 1064 744 1001 803 1383 519 553 356 1214 231 460 583 1599 1001 118 328 1988 774 636 1181 1115 374 142 955 394 1154
1833 1090 1717 459 1866 454 1354 295 479 1536 851 1033 91 103 1493 29 1382 336 901 902 1262 1304 1779 811 1274 1707 583 259 1449 414 478 1107 1091 729 655 959 839 732 524 1814 1890 1379 292 510 1238 1559 547 776 1325 604 1833 1553 724 998 312 101 95 1117 1971 1223 1185 1668 1909 867 1654 1596 357 251 1430 152 1155 1988 103 1097 1586 1237 479 185 156 1796 888 1161 131 612 1825 1408 653 1536 1617 1722 1807 879 710 237 1969 1776 1760 1177 894 1550
879 1887 405 875 1848 1050 563 1476 52 278 169 1909 920 1972 1778 1655 820 534 1736 391 207 1718 1151 608 392 1955 1789 371 377 817 1741 1986 125 1823 14 1224 88 1530 380 1441 988 1929 501 1837 1235 1090 1940 1675 1608 99 1113 1234 705 552 1209 381 1098 110 1097 1485 560 1039 1485 1440 1163 140 590 1759 1855 1956 757 909 1001 1020 474 636 375 401 912 1395 524 1804 580 1485 348 674 1674 1289 797 624 1910 1830 1359 245 882 771 683 1962 1946 661
205 1914 456 549 1392 1258 445 1435 1466 908 246 477 641 1475 5 1355 368 1862 100 151 1331 1357 176 652 1673 498 650 1844 1606 1833 791 1921 1981 319 238 1783 1003 803 1126 1180 569 1684 778 812 644 1148 1244 727 1587 1411 1797 1977 1136 54 228 905 729 1187 839 1831 889 697 1811 552 87 1745 968 1039 1333 775 1864 324 808 411 155 1226 1489 1367 709 62 1649 12 689 1339 13 356 116 128 697 1033 1057 632 1137 79 1105 570 1371 1308 195 1918
942 1800 569 1913 3 1283 706 505 451 101 1851 924 929 1350 1736 467 1810 1316 115 796 468 250 939 932 1027 193 112 1082 508 1387 1812 1386 1316 1174 161 495 1716 1920 504 1102 1925 1708 911 1385 377 1623 1256 853 1401 1007 1414 1516 1267 696 223 739 606 145 1121 275 142 720 1615 747 692 190 630 608 1659 1800 1792 422 480 810 103 114 1017 1551 151 1582 1547 1179 550 625 572 1675 1430 405 1104 1993 578 152 460 99 1230 1392 1745 446 1477 654
1519 249 574 1817 922 729 1360 1863 786 78 739 225 422 1527 1746 689 1883 1804 1380 1777 1378 216 528 1396 1416 601 122 1837 1254 1442 560 486 93 151 1395 1049 1376 702 971 88 506 499 1212 1899 1009 295 1498 938 1182 662 663 413 594 1666 1322 1693 1535 1664 742 118 369 147 433 403 1908 1222 57 946 1502 501 1971 36 1904 455 1928 861 845 886 289 1663 1227 1803 1715 574 1804 837 218 868 365 1560 987 1323 776 1110 1846 575 1345 405 1029 988
40 1511 358 1875 1871 368 109 1082 169 393 1590 493 995 26 1796 1867 1035 398 1657 1107 475 688 1464 2 163 456 801 1580 550 1725 1144 103 178 289 1941 1351 45 685 98 367 158 444 561 1503 704 360 938 1292 463 1372 1585 1701 1602 886 162 1575 1861 1428 822 580 1009 1503 367 466 416 842 913 916 1754 1492 1776 122 730 1204 251 1985 272 1695 606 573 1093 1347 1250 1494 393 841 1260 782 1940 1024 1665 1457 362 1787 7 1218 874 1767 448 512
547 1494 1575 1443 1780 1360 1994 622 102 207 1159 393 433 245 1788 988 1530 1796 1414 41 1328 1023 1328 1379 1131 1632 1969 1926 691 1840 953 1202 995 254 1173 264 1957 1136 1562 1409 1356 1582 345 270 1979 567 1139 1249 1499 597 1071 1593 1886 625 308 527 1897 412 818 847 1098 179 1984 1892 829 160 1857 66 596 1362 501 1569 1422 1262 995 261 1613 91 1906 1023 1939 39 1473 583 1233 185 1296 1844 127 22 1595 1942 1843 871 347 1001 240 1511 455 341
793 1691 1729 455 515 601 684 1738 1254 223 215 1510 1316 1277 1653 647 785 827 572 1998 291 101 1522 932 919 798 1512 1260 719 1011 848 1226 824 256 129 924 687 280 1862 477 284 1608 580 501 1704 1997 1527 210 440 1173 1900 1811 860 1880 1668 615 1524 1759 1066 221 1932 565 786 1617 1202 1540 449 583 1141 703 1150 318 1220 1801 1982 1320 1364 97 1546 1773 1376 127 1256 1684 1800 391 1803 1969 1882 936 1150 1560 1521 1970 436 1853 776 1910 997 1396
1057 1427 1684 539 647 1111 1936 561 681 452 932 481 1999 530 312 511 300 736 100 1680 1384 531 202 158 1483 1596 556 189 677 1980 161 1935 1145 624 1167 842 735 190 409 481 571 1346 554 840 522 268 1828 587 876 1993 968 1066 23 1706 46 1833 733 499 1116 1185 472 585 1586 1949 93 397 1900 95 868 1604 1462 893 1425 1718 1504 942 1986 1683 1875 1492 1508 107 273 170 1090 1668 1966 690 208 548 384 13 1178 884 1357 299 1097 397 132 364
1168 1696 1659 339 884 1676 257 1117 1561 470 206 999 1517 287 876 1576 1690 775 1097 844 1711 162 1747 1804 1644 545 74 737 158 1680 28 1076 1496 1422 185 580 868 669 1235 181 233 1542 984 204 1129 328 1907 1111 1490 812 59 555 28 1106 1206 1710 401 1379 227 918 367 1361 660 618 919 729 1562 1008 424 1891 588 1774 140 1079 1971 1137 1066 1903 1068 226 553 1985 1393 1812 706 1236 1190 1140 337 1471 1787 1388 1965 1197 1311 900 564 135 900 260
107 1152 66 1091 1845 1925 1092 151 954 476 477 1797 86 1557 1946 535 250 939 1454 1935 34 1803 680 1044 534 141 1690 1786 1878 1910 871 577 1284 1357 1040 1134 383 76 1993 1797 52 1076 162 1525 307 48 1958 1502 1963 1106 382 1172 689 594 1380 1651 1375 1160 734 286 28 662 957 1107 1338 776 58 1267 747 1854 1916 440 1474 258 991 247 1788 1025 567 423 1523 1652 608 562 150 102 1663 723 1705 470 433 1044 1073 1230 180 710 664 173 1839 1192
1514 599 1069 1560 1176 1287 854 235 813 969 379 1709 1565 8 1468 763 1027 760 575 820 1066 1728 192 204 1491 1169 947 1172 1908 1484 1178 854 1528 486 476 334 136 1054 1873 731 295 670 1331 1465 952 220 562 1868 1227 167 1833 1799 957 1360 753 91 1437 592 547 54 1089 384 815 1971 924 1225 403 1155 267 1906 906 64 198 1335 1358 412 681 1854 795 1258 92 987 1319 313 260 165 448 468 1307 979 1138 218 1130 1896 65 810 703 1480 802 1940
1131 757 483 1328 1553 1280 115 1441 951 1365 1301 1626 463 1857 1598 1120 1641 642 520 908 1525 218 60 382 739 500 1147 1648 549 370 924 400 652 1279 1606 904 123 1610 309 698 1448 329 1302 1719 458 1638 1825 167 562 35 1563 161 1212 344 1043 713 138 295 815 1840 648 1235 717 814 873 1087 705 834 1259 438 860 974 710 156 1109 892 479 528 99 478 630 832 467 1879 1605 927 766 571 841 199 599 914 1479 340 738 1685 863 1358 1132 1715
1099 1818 849 1511 199 1345 1377 1199 350 1135 91 650 12 881 907 1352 1965 1716 951 1520 1563 849 1568 839 78 428 4 1613 194 1252 200 1348 1047 1852 989 796 1281 868 1708 1595 605 1973 1288 1173 259 626 409 1178 1157 516 829 1745 323 908 605 1976 623 1472 980 90 62 1885 547 982 553 1321 1904 552 1330 1609 492 1583 1727 165 948 869 195 938 1665 944 383 1029 1523 1365 1332 938 1814 839 306 470 1523 215 851 1894 475 651 873 503 76 1156
407 1600 850 1211 1636 1539 638 1450 489 1720 1462 1599 1087 852 1139 1495 1951 1935 764 581 1952 1799 599 1457 471 183 348 429 1162 1482 348 1242 239 1453 547 1671 858 1438 911 1685 421 1108 1055 591 1794 1862 1707 1817 409 1707 1587 1281 388 1701 1641 1654 444 1299 1872 1316 1693 615 1569 1708 1876 1194 994 451 1200 1609 1104 1358 1501 812 1673 1246 1472 698 372 1362 265 1152 1482 939 967 1592 1003 1770 110 1479 1515 975 1371 460 225 1782 1615 297 1161 359
372 1306 1650 1180 1259 943 1212 967 372 208 737 624 1580 1486 223 1046 712 779 1391 1254 1153 571 449 1264 182 849 1707 1353 1736 1099 765 983 396 1939 122 1627 1584 880 840 1409 1049 20 86 1240 1105 1547 1467 272 1970 1261 840 600 1892 1336 727 1793 1367 1417 767 13 1948 339 1086 1020 170 1282 1014 812 1096 1022 505 1938 1643 36 1131 913 147 105 1789 1581 579 1282 854 980 1712 1269 894 1327 803 1852 1428 1582 1513 422 445 310 1560 881 1786 1062
1685 958 775 1466 1889 1452 181 1176 1771 122 1814 1816 1524 720 233 1515 1293 773 709 1548 513 117 1283 1913 441 1587 1547 696 1928 651 1073 1358 1959 374 520 682 1867 1806 281 1213 1351 1838 1233 1668 1587 1255 836 50 884 1855 1874 1038 1900 1969 430 1050 1314 5 515 115 102 1714 187 1007 233 1791 838 459 1644 1703 437 123 419 96 48 30 1416 392 1421 583 1243 387 630 474 771 1998 1935 1229 314 1802 1098 1790 1408 1928 274 394 985 1927 285 752
574 347 1048 1305 79 861 1837 461 1972 1539 30 1559 1887 1020 888 1025 1621 1922 512 1679 1223 1941 301 363 1989 1664 884 1433 651 56 1276 1160 1977 1886 475 1581 279 1166 225 180 616 867 1734 1352 719 1750 1222 1290 1570 1573 1466 73 893 764 440 869 845 1639 1584 1589 758 1955 1008 1813 1638 1134 1314 380 1526 615 913 606 1192 1879 213 1967 286 549 1853 1558 69 1238 433 1722 1219 1234 1130 1265 1472 39 1970 158 10 867 64 481 1988 854 12 1307
1540 874 1573 1505 66 1849 1030 1317 295 1560 77 1238 1569 1235 1560 1909 377 297 1806 1259 1672 1846 871 427 1869 1787 306 1740 863 1954 1408 1001 328 1535 860 1847 970 23 203 1241 536 1703 906 120 1801 1191 31 1508 720 457 365 1033 1218 978 1278 653 525 136 1064 340 1792 913 179 1222 202 1601 1810 1915 1608 1011 897 1224 809 1623 1655 1226 1752 200 1788 615 760 138 143 1928 179 884 396 647 1102 1295 1729 1683 93 311 394 314 1390 1023 1034 994
659 923 1203 800 614 960 718 1664 450 1397 1335 1822 1910 2 1392 1350 1836 905 512 736 596 934 788 275 1995 607 393 993 1168 1286 366 1352 851 1787 1949 1931 1649 1497 1246 1560 796 594 804 1017 536 1946 921 678 1944 83 1582 708 268 1441 1652 1179 1839 1343 767 1965 341 1323 1511 1422 878 122 595 1173 1937 484 865 1315 1763 739 1929 910 581 932 854 1915 954 1321 1500 1949 1260 1870 689 975 206 1673 1825 1276 1728 1379 1135 430 1566 381 1335 214
694 806 756 1314 148 159 795 1577 12 1313 694 825 814 1497 1002 1318 614 1784 488 577 1339 1733 1406 314 399 1675 309 1599 73 1476 1712 1870 1702 887 964 120 1186 1073 1289 835 1031 1613 1354 1783 266 310 236 398 681 1180 1721 420 1223 1016 19 394 1092 579 1843 506 1854 815 1844 1802 1005 211 278 902 1168 1444 1586 1513 177 7 547 1423 357 592 1418 173 1508 483 1744 1837 1844 1346 248 1719 76 537 892 143 1995 1802 1940 506 168 1659 577 1954
36 808 1603 1251 147 273 592 535 656 1216 56 1290 262 846 1587 1599 206 1288 491 1101 424 242 1992 1374 111 1206 741 1836 1876 26 1466 994 780 1715 1453 998 1965 1075 701 1817 1077 1452 1382 1837 337 1981 1068 502 508 1117 1839 616 635 1842 1824 1786 1610 1944 1924 150 1423 1706 1450 500 1291 1292 527 577 1090 317 352 1372 1770 623 1545 1405 743 192 640 1342 1024 1575 57 1319 346 1316 355 1260 994 965 361 595 1489 848 850 955 1779 1271 680 1080
1217 199 1785 1275 508 824 1822 1381 232 1793 927 597 628 508 1854 667 1689 1524 573 1609 1050 1839 927 542 1506 1600 636 205 1181 1826 548 1200 61 1319 1961 644 1080 1181 1392 552 302 346 1 122 1702 633 1445 1244 1906 1602 16 1093 535 1816 115 551 348 1321 288 1834 787 1348 217 113 1585 787 623 1314 211 1096 1492 934 1319 1027 1183 660 309 1504 915 250 1900 392 516 1497 1025 184 978 890 535 951 1712 1502 404 55 678 734 1581 1531 1253 679
1535 1197 990 1199 1515 1457 219 625 1874 1791 1959 441 1200 865 518 314 1962 1746 1663 1109 274 1452 979 1599 1785 131 1797 1459 1208 796 1173 262 551 920 264 1116 880 1937 925 828 1066 105 1064 735 1221 1952 1202 1220 746 425 924 274 160 1213 57 609 1611 719 77 71 344 820 1436 1743 1545 1179 246 281 695 1035 1000 1270 171 268 1724 1229 1623 679 1663 129 1387 1716 1963 1836 532 568 1598 781 1754 1932 893 477 966 1067 769 6 1025 1446 1088 1787
1597 453 1324 616 1912 479 285 886 1878 1633 283 1233 852 1808 628 1679 1344 354 1892 1094 1740 1171 1007 1840 1585 1242 456 1583 1358 1598 1113 1853 1772 880 612 1083 1333 1518 392 605 1648 86 1261 620 1927 180 1653 1045 953 189 1747 1441 1040 989 193 414 1650 1418 596 1380 1310 1700 704 1063 916 500 1057 1381 376 1147 824 1027 793 1532 1853 440 1998 260 1319 1265 859 1354 295 1309 780 1886 492 1215 1439 1800 1449 109 1100 942 1631 31 62 181 605 1677
1093 1284 1477 1974 151 1543 1178 765 1016 802 156 946 514 706 247 849 1377 318 869 111 1574 457 693 321 296 1107 208 1525 1655 1956 1900 923 397 1938 1637 710 615 276 214 1662 704 513 610 1417 411 187 52 839 166 1137 74 551 848 1385 966 233 972 1210 1504 1204 1234 1380 1515 1969 1861 400 1156 1658 483 1399 973 830 872 1435 1552 769 1449 592 1025 1277 243 609 983 1291 1231 984 1248 1490 1862 1565 1836 1810 1886 1724 1300 202 1150 1066 687 1654
441 114 1119 1485 1901 1649 1360 152 1315 1905 1234 1267 1132 842 739 486 723 975 1506 1855 1767 254 405 951 736 1999 1751 177 949 1168 723 1452 695 572 1388 1027 1699 1858 927 235 477 1054 334 1816 1731 659 1561 760 1519 1910 1440 1841 709 1462 1788 1377 270 1550 261 188 1233 181 227 1331 1288 1448 1063 1376 1405 423 1850 63 504 550 956 43 531 475 601 1547 1864 1143 1464 1487 96 888 1483 1367 1094 1516 317 1039 405 1946 81 1611 1950 956 472 1457
795 1740 1853 1609 744 595 317 997 556 330 1084 1133 1361 565 1430 593 656 1641 1803 1321 1322 1223 1150 461 542 21 1888 1122 614 1335 651 1611 879 1113 535 419 839 332 590 460 772 1595 1153 1394 126 1217 742 1001 1224 730 1517 1595 453 1481 1793 557 1848 871 1030 1064 665 1355 1229 78 987 1199 1064 218 1424 1402 95 617 1010 1703 806 1540 187 1646 1704 1362 609 559 49 1980 1436 964 422 89 265 1615 1850 140 767 1208 310 1585 981 1549 348 1722
610 930 701 1708 445 1027 42 236 766 891 62 1672 155 1390 495 1139 1001 1074 1400 636 931 138 582 613 1707 1867 259 932 909 903 10 822 1970 206 1026 1879 1158 938 248 1751 483 1037 582 566 239 1350 1910 1885 1013 1995 1530 402 1565 1404 1305 1623 236 727 384 1953 864 1942 347 1274 87 383 672 223 515 1112 897 220 1791 170 923 854 1016 751 910 1517 1928 294 1490 744 344 362 1196 511 44 1211 1174 593 1100 1907 324 564 904 1234 202 1133
1702 858 231 829 1431 619 1712 1009 286 324 892 666 1361 484 1859 490 1713 294 319 1077 191 782 613 729 1088 111 198 824 145 730 939 774 1265 1284 273 22 956 703 1186 1199 295 1814 1589 1847 571 1808 1825 1741 1361 1267 590 262 1980 1935 858 1459 1580 1140 93 1438 966 142 224 57 818 494 1527 720 1391 924 1450 1435 1876 614 1373 188 949 498 1610 365 1208 696 859 358 1581 1797 835 1105 257 580 1748 1361 660 376 1390 1003 1698 1129 1436 1484
1854 520 1138 1608 1685 1152 850 638 333 1263 485 930 1387 875 1079 294 550 1903 719 1530 1148 1863 1695 1532 1879 779 1505 32 1684 172 1729 1954 733 1685 1843 865 463 539 1829 270 1050 860 979 1123 242 259 1804 759 111 1421 1626 1023 495 1159 1070 551 1782 1187 615 421 369 1593 853 1339 815 1604 1400 1915 164 1541 615 664 1432 483 231 643 960 449 997 1020 1646 1660 401 87 1664 1358 1424 721 1960 881 761 1538 910 1576 1070 1027 1781 292 1118 1700
75 355 1865 1123 793 1023 1301 643 1773 662 736 1318 213 1317 966 1402 1400 537 550 706 754 1756 518 258 19 117 265 1962 1342 1445 1328 676 915 418 1071 1912 326 1444 1225 84 574 1908 1271 1013 1631 1089 645 1089 789 665 1491 1587 564 646 223 551 1872 1361 930 1181 58 82 90 870 30 239 1330 987 1014 1153 1673 1867 963 1602 778 332 1254 437 1134 1721 397 1072 1077 268 783 1372 492 1755 417 1140 179 438 1085 268 1289 907 1526 1874 688 1600
1727 777 645 1868 1110 1399 280 191 345 38 828 951 972 262 543 1167 636 178 1971 416 1552 934 1737 79 1746 905 63 1741 1439 965 1645 23 1656 807 346 1632 1406 1949 1168 281 1103 1245 1327 300 1930 1647 901 232 1558 105 1287 1776 1474 1919 230 1529 1004 1961 334 1922 807 453 1795 613 1541 704 1841 1571 652 831 1384 1597 1015 898 875 434 541 1560 1113 1714 1584 143 506 173 415 1691 1390 496 1720 1284 567 449 1095 1328 272 1751 313 922 1250 30
1211 1112 1713 300 917 935 625 1391 1003 1909 595 625 37 1078 1079 784 599 1730 627 1957 1391 326 1838 1976 1292 251 549 347 931 597 1498 1322 1134 729 1977 1041 1362 970 1295 633 1964 1109 1854 618 1357 1006 668 34 544 1469 718 426 225 1612 1075 747 1918 233 95 22 907 203 1025 363 1007 1028 1369 696 1012 1220 1218 956 926 609 1545 1114 1864 294 1528 852 312 375 1348 591 1234 1179 1397 1463 1925 1938 576 808 370 755 234 212 544 1108 1695 1875
394 940 1511 447 454 1412 255 1714 400 1302 745 332 25 901 1844 525 993 309 1903 497 144 541 195 698 536 134 1040 107 493 392 1597 391 665 1471 1325 391 572 1023 1309 884 24 561 1552 42 1054 1387 914 40 638 612 642 308 1722 1742 272 392 1521 1651 186 840 1195 68 768 505 633 660 1065 949 1206 1074 1207 1878 512 1218 1636 798 1999 864 1627 1137 1236 46 1512 1312 1316 1908 1180 460 1173 1921 1315 843 755 1383 1622 652 316 507 1191 206
1635 227 932 1812 1193 1916 1573 519 604 1314 1607 1250 490 1770 1328 603 943 1664 1521 612 463 653 1563 1615 372 1272 401 1012 1146 1651 6 841 1359 41 868 1620 1408 280 1943 462 593 1950 1628 923 278 1885 271 1429 221 753 1946 1045 717 1130 775 1657 1475 1556 661 298 720 416 1656 807 1574 439 549 992 973 1816 394 1341 1315 1874 233 1945 985 764 520 436 643 1575 908 198 951 1697 298 1375 1935 1077 1999 1191 1283 1792 359 968 285 491 171 148
574 1069 1081 125 1919 1946 383 1753 1139 1116 597 719 949 1120 1625 242 440 1512 1593 641 412 923 489 1882 1569 1131 689 803 1193 1771 804 238 800 783 1117 423 1983 472 556 1229 1108 1604 124 1122 1034 1427 1120 563 1159 870 1657 1959 210 597 933 1122 685 94 619 945 464 20 89 458 1704 515 1627 52 1544 1504 905 812 778 1433 291 1614 1313 257 1076 298 1645 1746 530 337 1772 1305 1742 57 832 68 852 1830 644 1381 254 1952 1819 1878 1760 1448
1151 529 1815 1495 1612 572 1845 1986 287 1056 1489 1891 326 607 614 1634 452 648 549 707 1051 1606 1516 48 1930 1103 607 838 388 611 1348 66 1496 1845 1834 1710 833 911 660 168 578 187 1067 1851 409 755 874 485 455 560 1460 572 1215 1364 178 1160 1885 239 45 1896 348 1506 197 695 1006 1883 362 80 525 629 588 1304 1472 1813 1398 957 958 1731 1476 280 716 1313 1734 915 56 1137 773 8 831 1392 758 123 1061 1409 816 1471 116 1801 202 1953
1287 805 44 1959 1760 818 1057 1946 1936 1280 44 148 1414 836 1522 321 905 870 204 60 500 468 655 304 1603 1309 350 1598 1133 681 44 705 491 1473 1669 518 1463 1137 763 1044 632 1023 980 1248 859 1672 483 58 199 1011 1548 1364 1536 1955 364 1332 873 630 518 426 1977 1112 1922 147 1647 969 1686 1734 1753 795 1216 847 632 1957 1078 1593 19 792 1243 609 1889 269 1772 1823 793 49 1752 973 299 758 1214 585 459 1517 1288 1607 1976 521 641 1940
1429 1604 245 137 809 1867 1916 880 1780 466 1385 1836 816 1987 1814 418 102 1194 1068 566 1626 1766 651 1823 193 800 1643 6 3 1513 1375 71 1178 1622 1421 210 140 1396 234 1938 457 1323 551 1081 544 1354 922 1360 262 873 40 1702 72 1906 462 463 1464 1248 1836 544 644 1819 827 1741 1007 1323 1059 274 1676 98 630 1967 1182 678 555 1876 1720 660 1798 477 1168 228 929 859 1192 1396 1663 1806 804 973 873 955 835 1709 138 124 887 1264 905 974
1587 1644 1061 1474 1351 1976 421 1775 589 860 973 1868 1244 1554 811 1639 165 199 1636 1128 1155 282 84 965 419 1471 1803 1840 1413 1365 85 124 1885 227 944 1753 688 62 1902 963 109 550 853 628 633 1301 436 1864 743 1068 1801 1068 1364 1426 1882 386 192 1729 635 451 1588 663 9 1416 71 1762 1340 1343 100 1035 1262 1911 1552 308 503 1740 1653 589 784 368 337 1414 438 1525 545 906 161 1724 1681 1957 511 559 396 846 541 634 1265 366 1402 1273
1141 1416 554 867 1866 524 1260 1224 988 131 1846 106 785 1155 955 350 1018 277 1316 360 1805 1578 1342 860 160 949 891 1558 144 1000 777 937 613 1564 599 1672 1981 1941 1550 1487 560 1083 429 1866 1448 322 1969 110 1833 1853 511 411 991 1119 428 1715 1414 1646 517 1120 747 1197 1009 1163 613 1672 27 1301 409 434 1413 65 725 953 1703 1147 869 1366 340 860 742 1528 1055 846 598 1961 507 1770 637 314 1612 1340 421 1142 334 1249 1166 759 480 1550
478 1393 860 1607 565 1076 1997 1903 1698 1472 1708 890 1906 42 136 849 914 1493 955 838 1452 1271 976 470 311 542 879 1588 755 14 1328 1821 113 417 788 392 1865 886 1477 291 1044 594 1209 1329 730 233 1514 1609 423 1640 1902 767 1076 1980 77 1364 1102 1276 403 1050 1048 213 625 1588 107 360 1245 1915 237 10 1724 1727 54 1424 1546 1907 768 1742 1931 102 1874 241 1786 687 815 1080 1284 875 168 1141 1673 295 199 1900 92 1362 799 1373 1729 1943
782 1260 1286 1046 1334 46 909 667 1077 350 606 1379 1448 1886 814 1479 274 1463 1227 679 564 640 604 1024 745 354 336 1102 369 713 1431 346 1562 1776 497 634 796 701 270 1710 1768 66 574 424 776 1458 1216 1545 1078 642 1466 439 1008 1540 490 1241 320 1906 1352 1980 73 648 809 49 51 903 497 32 1651 1861 1910 546 908 92 1099 418 120 97 52 555 1688 1714 406 329 477 1323 1085 1168 766 626 1141 526 67 603 872 199 564 328 1343 361
1742 1106 532 1597 1744 1030 1781 139 1076 1046 1173 180 1709 1955 1063 499 1713 1280 1392 921 1488 1780 1477 1411 1570 582 688 1480 1977 186 1805 533 881 1994 312 777 147 1415 1354 786 1123 1548 765 924 332 1554 24 343 403 1565 799 140 196 1507 1379 775 1398 678 259 319 1251 561 1054 1860 944 851 1596 74 1596 685 1524 1214 1385 386 949 870 1305 58 1290 632 218 1078 707 1499 386 1674 786 1064 490 688 597 946 1027 1282 973 1055 1885 1878 293 1236
842 321 47 1812 1626 1745 151 1767 982 136 1774 1622 1543 578 97 1351 1247 1011 333 1672 1256 847 1266 1525 864 979 1434 495 1642 195 700 1527 688 363 1553 1163 1445 1626 1536 925 1954 1445 1446 1963 22 593 1196 507 933 585 582 1629 1153 1586 1038 1597 763 1289 1916 444 1565 1842 443 1235 1673 1970 1028 428 433 905 1301 1549 1156 677 36 422 1737 336 1705 1414 681 1776 1505 1542 797 1652 149 1632 1326 1564 941 1419 1518 149 1979 1833 1638 1737 1315 1439
1691 1252 1584 841 1556 1653 1466 1984 1312 472 683 307 310 1926 998 1132 1914 1073 135 790 1720 1359 1120 275 680 1846 1367 1245 313 592 709 748 549 1365 1495 356 407 1011 316 90 1689 493 849 1265 180 984 654 802 1410 475 1698 1739 1214 1208 781 1209 335 77 210 1157 283 1795 373 532 1581 1373 1881 68 992 1869 1453 1743 1786 709 1622 1565 1242 1953 939 1758 1801 189 936 399 88 1226 1475 641 1364 351 1804 1622 1968 1331 227 995 299 684 123 1106
514 802 153 1820 1868 1633 503 623 1627 1513 1977 353 1772 345 1096 425 939 1698 634 1236 818 1346 515 986 388 1069 306 1731 1331 1514 1133 828 1263 442 220 140 1152 1809 1501 366 1641 247 86 1558 1464 1714 1513 61 1410 1850 628 820 798 436 80 1088 560 320 1559 776 482 1848 1924 535 1244 304 1462 814 1861 868 987 70 673 1505 513 1415 62 1367 626 1744 1831 343 465 782 1464 145 616 1595 225 960 804 1422 329 1007 65 1396 524 1122 1 1196
1142 206 1862 1549 182 615 48 647 1212 574 1987 1745 1022 1166 1915 1165 1487 1431 777 817 1630 560 1119 1977 331 283 585 709 673 839 1603 1671 1565 1462 1915 467 1102 1348 716 1998 962 1822 708 237 902 1956 170 983 403 1392 647 688 973 351 1399 1307 334 1819 993 1916 1032 949 1550 1527 1056 1050 452 950 363 1959 345 249 138 1384 1305 536 1165 796 1707 520 3 379 1714 382 197 1294 624 1903 309 946 599 849 835 895 1399 453 1854 47 554 1603
245 98 1227 991 611 229 1845 280 347 74 1612 1922 1799 469 1948 1175 1048 1952 100 246 1337 1618 1737 108 424 1450 792 588 792 1464 1250 619 1200 1755 1310 657 730 203 1844 706 944 372 800 709 1364 1168 1358 1826 1683 898 96 175 1809 1420 925 889 1809 1513 1212 1227 1499 605 757 1730 1579 1437 43 711 951 1520 1725 1233 158 811 1648 4 6 417 152 1423 1676 1396 874 611 1255 1799 61 1546 769 1027 1225 505 76 59 847 180 232 1286 1766 391
1388 71 41 1189 702 1857 1075 698 572 185 1850 172 313 1260 1021 1353 88 1304 1026 1632 1687 507 319 344 1104 782 1699 1483 942 1295 1963 1931 770 1982 1174 274 616 1142 138 712 368 651 904 681 752 1118 1149 1724 1516 1220 1651 1350 666 1674 921 378 29 865 1501 713 1296 931 147 1837 218 498 230 1685 1383 199 1052 1792 754 1903 1175 293 1858 1365 1526 1328 1404 1035 1937 134 67 1526 708 1259 579 1483 1568 41 889 1233 80 304 1761 1092 1943 526
1159 1275 746 930 1172 1522 86 1719 1872 1500 921 758 95 758 1959 1350 1519 1652 629 1846 1700 945 665 383 1303 1401 85 153 237 556 1737 1538 315 1397 1929 1185 458 182 873 1570 1517 602 806 1343 1976 1270 626 1064 1002 685 1665 1351 642 460 1356 922 1376 85 907 46 882 248 1385 1401 58 1850 1662 1765 1796 417 601 1459 885 455 1949 154 90 397 178 1349 1418 865 1883 1982 516 1398 396 85 1004 1412 552 1210 6 928 939 2 1983 670 393 247
1693 1167 97 272 754 476 16 1273 1605 1687 1577 544 304 523 1186 974 1674 1868 119 925 1454 452 163 11 1137 1174 1792 448 1498 813 389 1801 1584 1928 1447 239 1090 918 1064 623 631 1022 65 1266 753 1494 1383 1204 53 987 117 30 1976 1784 743 302 33 1611 508 1749 1373 906 1361 1439 489 1926 1692 951 1856 121 1686 1250 1866 559 1931 374 1834 1084 673 1519 410 338 318 1466 1353 1327 1490 1900 1516 904 1086 757 1182 1073 1603 1059 327 1310 489 15
806 1732 1798 1073 305 1975 1167 176 568 1256 1109 56 1799 796 597 848 282 30 1411 598 533 1490 1718 687 49 936 696 339 1535 1655 1858 1440 933 1833 1890 1762 939 55 1996 18 1504 775 1411 1311 1665 838 1071 767 213 1195 842 1986 381 1367 1785 1348 743 1534 875 1310 1033 1718 1736 97 281 1031 465 1213 1541 485 952 330 544 140 1202 391 60 909 1364 556 1478 1026 1729 1107 1820 1385 1449 871 1648 60 25 1247 1431 1503 668 862 861 1688 1352 1420
1334 1485 36 1385 1775 1810 914 1320 394 1289 1066 1243 157 1024 1313 601 1133 1264 1319 1794 1408 236 220 1287 1079 1977 877 1368 1019 1164 1748 486 925 621 1009 854 511 723 1259 332 1044 1435 1138 440 1146 1816 1191 809 1086 224 1073 1501 110 1941 59 964 1298 1684 1740 541 481 156 566 1533 442 214 1800 437 1342 1405 265 112 923 1240 660 876 144 1238 1266 258 331 1312 1682 218 412 538 447 369 1467 1517 34 1955 900 15 1352 1098 1049 1272 1993 1034
1176 196 382 954 470 1317 1127 505 1199 764 1172 26 1350 274 1573 376 999 1890 407 1091 1265 1500 1974 1556 1570 1369 700 1788 733 444 187 1917 613 1511 910 1683 1525 1219 976 1600 1354 51 316 1527 136 716 64 1928 716 1958 1259 1986 377 94 1054 382 1952 1284 1771 1593 831 978 253 12 1013 1312 1376 429 1956 724 1119 1888 1811 706 1698 1683 1654 824 104 1036 974 1965 723 382 953 1729 1080 1326 166 177 1624 1724 1510 1234 947 752 222 977 1539 1750
80 180 1418 1105 574 1526 1680 622 423 1399 1407 135 743 1200 274 1224 1327 1696 1566 1627 114 423 21 1963 323 1531 490 1099 85 502 1540 1340 1884 946 1636 786 1829 1829 602 298 201 296 1439 1589 1008 476 1660 812 778 1628 1840 1454 1889 869 263 711 549 104 1509 1056 495 516 1352 1850 1312 1103 1475 615 952 1373 1019 1210 282 1534 876 282 1736 660 1455 140 819 1687 511 394 745 1383 165 1346 1401 1433 1987 1448 953 1910 1995 972 1983 1264 1728 1310
1063 1799 1092 234 794 50 1174 1755 995 1092 533 1995 1935 563 509 232 1947 684 1944 727 170 902 1815 469 710 1506 1165 1736 1593 1749 1363 239 1458 446 1339 545 1063 1642 215 1945 1577 516 929 315 135 851 1546 1848 1961 1575 334 624 571 1030 1054 1510 1161 910 427 732 807 1411 1147 839 1363 560 468 731 175 352 1363 1004 1659 8 1936 1036 1138 1392 1112 683 1802 945 816 285 1902 1836 847 1634 176 156 649 475 1588 1703 1226 516 1315 651 681 1970
1102 579 1425 1189 958 1284 1018 868 1246 114 758 317 59 990 91 50 1011 1780 852 245 1493 881 102 889 920 1098 1442 936 1268 1990 1844 560 1888 791 210 1595 1530 1501 1593 1836 536 5 1529 611 311 1101 218 1691 31 1816 1634 1968 457 1345 797 1563 331 55 130 190 319 724 1994 120 1349 1091 1905 600 260 1589 525 1830 886 1281 610 402 1533 1091 547 1336 254 1108 1692 1849 483 626 1636 1264 1782 1122 1595 1018 1472 581 1782 307 492 1573 494 1205
939 1311 875 803 854 181 1375 1989 1772 1888 1307 377 508 523 924 1267 1650 1430 1936 32 463 833 1683 1184 8 1346 1925 1275 360 923 7 1662 350 375 34 1575 800 161 1793 1289 133 1436 1521 1432 434 1354 1706 931 360 117 1427 480 1413 642 1835 1877 1058 1521 1151 1687 237 1462 1351 482 3 557 924 1392 1254 1408 1340 936 1749 1225 249 1272 156 492 304 1411 1912 1075 120 1265 117 472 662 1688 482 1526 1565 1168 623 1567 909 1278 382 1626 1399 486
1178 1407 671 727 1052 677 772 1138 269 523 469 715 1944 1531 615 1590 1051 1117 50 1382 820 1855 731 173 291 826 1501 770 67 1347 1824 503 530 1978 1312 713 10 34 1537 1438 931 555 1551 1708 1717 945 1458 195 1782 150 99 85 253 525 851 1130 1920 600 1160 1807 1574 1611 762 461 1432 1498 1573 815 1303 1813 1549 520 469 1074 807 992 1855 357 767 836 1306 1584 124 702 1019 653 1576 1619 1468 871 1019 1077 69 1748 1308 528 90 863 1734 1737
624 160 1878 754 501 122 1458 13 1229 1104 1400 1690 1899 507 1345 834 612 97 976 238 1821 1634 302 348 390 875 1863 1407 1394 186 829 699 1586 1061 1186 1647 1299 522 1778 1125 352 1539 73 74 221 27 1270 93 851 23 490 1544 1937 1543 1511 1793 62 120 458 740 1064 410 1616 526 537 886 1595 1953 334 1030 387 35 1736 1749 1171 753 721 565 552 730 391 1406 601 1635 1362 774 877 259 548 108 792 419 1139 978 255 175 1456 875 279 721
845 1314 1518 422 1873 53 1847 1983 1715 66 887 1694 963 1066 1145 256 1414 433 32 134 1332 1235 466 1588 1459 1612 1263 755 804 1962 1173 463 725 721 250 464 1550 1807 171 65 653 1339 723 735 1905 1649 1313 1880 1260 1153 1492 26 378 120 861 1868 316 1646 430 311 1114 1604 1621 1102 1789 1157 1361 259 1534 932 1641 1775 303 624 999 861 829 795 482 112 1168 934 470 1482 270 1234 1008 1042 1133 1010 787 626 1541 1345 1056 667 1398 212 824 240
457 465 1536 629 1826 1228 170 1685 718 1923 256 969 1247 648 1459 1177 393 885 870 1431 1336 159 1123 10 1815 1051 1666 1381 620 97 31 1098 391 1245 1207 941 946 1597 1996 795 567 1091 1501 1076 1821 440 543 1637 1510 914 1696 1041 912 524 805 1437 423 499 500 63 1248 1695 1244 24 702 615 1914 622 1926 1845 1868 1650 281 1338 1423 616 1588 1543 1950 966 1159 54 1500 1475 886 1865 1101 745 270 108 1201 800 1085 826 1366 905 1007 277 1488 1889
1626 342 337 1517 1665 510 862 446 688 1088 41 1862 172 200 81 1675 452 94 123 1598 969 1021 444 115 277 1933 1355 498 1581 621 247 989 1267 1056 1394 1064 717 1689 1217 106 875 1357 291 249 65 321 503 1453 238 26 961 1958 1886 1553 721 1696 878 1575 1047 1586 1443 755 1171 560 1449 401 1850 162 1078 680 1144 1899 113 1018 314 1135 1907 878 1821 164 839 1612 997 682 613 1060 100 1599 173 1502 138 1736 1406 233 339 1505 370 241 1761 1392
234 874 1009 352 837 1480 1277 1505 1680 19 1050 1679 1893 1076 824 1697 653 1190 1560 723 1777 1252 1596 189 16 606 1154 378 1471 356 790 1028 1716 1058 32 1551 709 934 1923 1056 1235 506 946 998 1036 1151 1957 643 1138 227 1097 415 55 1669 741 862 43 962 988 1646 856 1440 1787 1535 1540 1327 1659 471 1970 724 1382 382 159 1934 1468 1267 1616 1031 581 252 1066 13 991 1051 1751 1744 1813 312 459 1203 260 805 1772 1849 1704 118 402 1478 1247 1014
1889 1954 389 187 1174 1577 354 1601 1017 633 800 1960 1175 1447 799 842 881 1237 667 1625 588 1209 309 734 1360 594 1890 1540 633 889 1159 426 468 198 921 1919 867 1063 1774 693 261 1464 592 360 1947 1826 1593 942 1763 1771 884 276 1185 96 1481 523 812 1703 530 1551 1128 509 996 907 1807 1977 515 496 1573 919 1735 333 1345 1987 1373 1840 997 223 1097 1211 1916 1552 593 1856 799 599 1140 1473 758 1038 1272 1822 1932 1313 512 1681 69 1153 1938 1943
